0.4814129
-0.26849666
-0.86665875
0.21393137
-0.0147356605
-0.41383085
0.37443236
0.0056928024
-0.3765725
-0.11514964
0.7134587
-1.0880662
-0.5472927
0.33379272
1.1873734
0.20570739
0.2940094
-0.18859738
0.697664
-0.120809644
-0.21300879
-0.3880773
0.014327444
1.129649
-0.5257136
0.12498084
-0.320408
0.0941466
-0.36488813
0.09724045
-0.3419169
-0.0013465583
0.29294795
-0.23467031
-0.3713102
0.16522038
-0.20651272
1.0342147
0.10429436
-0.36221737
-0.5863231
-0.35908997
0.9494274
0.17990369
-0.0073076803
0.7021121
-0.23927179
-0.36007762
0.05229637
0.23793355
-0.5548467
0.17756464
-0.10330251
0.3707313
0.24807987
0.16590053
0.08885058
-0.66718644
0.049728807
0.9203838
-0.6901309
0.39760977
-0.17776471
0.3651068
-0.5553482
-0.5018341
0.35147628
-0.20439583
-1.0507051
-0.609524
0.40941578
0.12289308
-0.0016937628
-1.1198364
-0.04384746
-0.07940881
-0.30369782
0.020917226
0.3767218
-0.02669032
0.39211372
-0.16236147
-0.20883723
-0.4355026
-0.18250686
-0.61640954
-0.40049675
0.8618717
0.3319895
-0.638255
0.20710309
-0.113845915
0.8340998
-0.2618611
-0.34445104
0.84549195
-0.3423875
-0.2945707
0.16844293
0.55048674
0.047796384
0.34533727
0.19068447
0.42963812
0.11422064
-0.5794053
0.4080813
0.22725902
-0.36945236
0.12082015
0.1296926
-0.08980554
-0.010229465
1.1585431
-0.36959726
0.19681613
0.45395654
0.24987857
0.32181087
-0.32191977
-0.3198041
0.17874792
0.39089435
0.5821917
0.5538939
0.2670758
-0.13512956
0.7557752
0.599877
0.050234176
0.1227895
0.107856564
0.4343066
-0.7089442
0.39272436
-0.5884397
-0.17884642
-0.7291054
-0.1774788
0.078393914
-0.17837775
0.046278715
0.008886024
-0.36463395
0.39346635
1.4591005
0.31500593
0.54223365
-0.40515354
1.0080436
0.26700005
-0.6496491
-0.06988324
-0.53445846
0.0834129
-0.26053804
-0.08478313
-0.0029835254
0.44833314
0.031972677
-0.49456844
-0.37442738
0.47970507
0.48226827
0.8298359
-0.4965484
-0.27601063
-0.25216848
-0.30439377
-0.12025596
1.3156768
-0.9037711
-0.36803475
0.37812626
-1.0815833
-0.1621788
-0.23503749
0.17916434
0.2818132
-0.46813348
-0.93597746
-0.14256872
0.045664646
0.33956105
-0.32922205
0.34463546
-0.2338391
0.13415384
1.2209193
0.4394378
0.24119496
-0.08289696
0.3331568
-0.032353647
-0.29490474
0.05417958
-0.5633719
-0.18079787
-0.50744456
-0.094599426
-0.735397
-0.65334743
-0.12984583
-0.13571793
-0.37693557
0.37865102
0.4015833
-0.21306357
-0.18100157
-0.02370581
0.7991183
-1.0635849
-0.10787196
0.17583129
0.25350994
-0.30852267
0.84150213
0.29471967
-0.7720864
0.19994234
0.09165342
0.25457594
-0.15891114
-0.0547781
-0.09962523
-0.51537704
-0.24062446
-0.40611413
0.48813033
0.35492945
-0.7772341
-0.81201994
0.38179058
-0.05132951
-0.11116603
0.257052
0.33326533
0.4455014
0.67959636
0.5254799
0.043944437
0.031143896
0.4081857
-0.6055439
-1.0806891
-0.8063114
0.11968157
0.051590268
-0.42206314
-0.25769937
0.5113096
-0.7565563
-0.017643347
-0.5985557
0.586125
-0.32466012
0.2979379
0.44663018
0.13377078
0.008060284
0.16745338
0.4445932
0.17357117
0.7334626
0.47367144
0.067397386
-0.76250285
0.27793807
-0.17249873
1.1398946
-0.041933917
-0.34411398
-0.633246
0.4922994
0.8466157
0.3685484
0.2503619
-0.32697114
0.75428116
-0.08492881
-0.14814779
0.5257492
0.1228676
0.22045076
0.14951387
0.20389943
0.0973219
0.6226359
-0.4830851
0.22883937
0.31655523
0.57279825
-0.23534891
-0.14060959
-0.75051445
0.7424294
0.13716921
-0.35877925
-0.93760085
-0.560994
-0.08252705
-0.2520969
0.10690776
0.24390164
0.40538764
-0.9019205
-0.5065845
0.39581275
0.052214645
0.48789385
-1.0513396
0.025712907
0.3315476
0.26064885
-1.0032874
0.053188354
0.27867162
0.5171277
0.67782164
-0.15409108
1.3731444
0.493199
-0.39970154
-0.52316976
-0.34966272
0.6818622
0.010427948
0.31059712
-0.23672573
-0.5344294
0.039478987
-1.0164088
0.0022107363
-0.16141334
-0.035621002
-0.27639198
-0.1422131
-0.80603343
-0.04530943
-0.42234376
-0.24718404
-0.51807266
0.3709256
-0.19339664
0.21577957
-1.191623
-0.05057022
0.7577525
0.4549002
-0.27481893
0.21836811
-0.25988853
0.26941642
0.17323734
-0.4411577
-0.122590944
-0.16356659
0.008646205
0.3033638
-0.30403876
0.026336491
-0.138652
-0.16525494
0.15655622
-0.346379
0.28416884
0.94057035
0.07475836
0.011865824
-0.52280205
0.5069557
-0.41604704
0.9645998
-0.4376964
-0.4026299
0.08236495
-0.30374
0.5220362
0.4848177
-0.1073914
-0.13364965
-0.15286805
-0.3544371
-0.5793841
0.25334042
0.28446966
0.6056482
0.76994014
-0.5333648
0.49103397
0.55268854
0.17881769
0.8010623
-0.36584568
0.67380834
-0.43896613
-0.87007636
0.2066761
0.7174354
0.57054704
-0.46070677
0.54673713
0.89271617
-0.31778684
-0.60417765
-0.82337546
-0.5248119
0.0353885
-0.25560358
-0.26050222
0.22008601
1.0048245
0.15900128
0.51049286
-0.24675694
0.021442853
0.63948846
-1.0949937
-0.24715796
-0.7057258
-0.54786575
-0.6933524
0.86009777
0.75275826
-0.26689184
0.11490495
0.5730686
0.44351542
-0.229886
-0.14930281
-0.05961618
-0.54914075
-0.54116046
-0.5270139
-0.70882773
0.21177492
-0.17870274
-0.14961134
0.26113915
0.23629512
-0.019597987
0.54003084
0.23495975
-0.48973122
-0.49078348
0.12362541
0.08319475
-0.5545095
-0.6021842
-1.0977578
0.7924856
0.089605
-0.33972868
0.13271345
-0.3648749
0.21379869
-0.47798514
0.35294425
-0.82985556
-0.35828194
-0.53914505
-0.32922202
0.018308982
-0.75204164
0.37888783
0.045157697
0.6406285
0.49683702
0.5074923
-0.084116414
0.5964703
0.21612242
0.28028664
-0.07260659
0.51614416
0.067190066
-0.9631379
-0.26228103
-1.0466468
0.03638298
-0.011384489
0.07926377
-0.341289
-0.44421947
0.37174773
0.5570554
0.3549315
0.052718326
-0.09712894
0.5384037
-0.025075577
-0.7540961
0.45369947
0.16209348
0.40869948
-0.21646065
0.28667474
0.3249095
-0.19341998
-0.202909
0.10723176
-0.21887395
0.3426545
0.84168357
-0.4686833
-1.2107952
-0.27310362
-0.6315039
1.0544155
0.925267
0.2168142
-0.21838416
0.69227165
-0.3261313
0.22827515
-0.16807353
-0.0106794825
-0.56339705
-0.14916202
0.26641762
-0.30790395
-0.26910123
0.15186703
-0.26626432
-0.08248158
0.91204655
-0.043414894
-0.5452145
-0.23250452
0.4702828
-0.046634123
0.16205318
-0.38152874
0.10425017
0.17447083
0.30961102
0.6182441
-0.14157315
-0.35809228
0.2844136
0.073569
0.15363273
-0.28624663
0.034380257
-0.0051776767
0.06306054
0.1300442
0.23022023
0.14120099
0.5464095
0.02273665
-0.03343624
0.5575197
0.034861777
0.22243294
0.95911026
-0.111879066
-0.02871646
-0.70668995
-0.12002697
0.14641283
-0.5483304
0.0273498
-0.2535422
-0.07335788
0.12705663
0.20135318
-0.40110207
0.35359082
0.6119876
-0.55856466
0.35837647
-0.13694529
1.0002705
0.536465
0.011783116
-0.03100915
-0.021582175
0.27396598
0.25161785
0.21944892
0.079546675
0.12807119
0.13114353
0.19013172
-0.32793254
0.24687648
-0.07877131
-0.205624
-0.25751105
-0.24886388
0.06596015
-0.39476547
-0.05527033
0.35130337
-0.61738706
0.21538574
0.096887924
0.2847677
-0.4963127
0.17199177
-0.04031445
-0.44337532
0.2142769
0.06628637
0.1560961
0.13251206
-0.07346148
-0.12665239
-0.4061801
0.5397466
1.0784578
-0.09631097
-0.19484851
-0.040482298
0.14652443
0.06860759
-0.28856844
-0.51383
0.31691507
-0.11264598
0.050067678
0.5103372
-0.038440034
0.43884385
-0.41513592
-0.14023457
-0.16297539
0.16894343
-0.4348762
0.0577906
0.009306401
-0.3658485
0.019883297
0.60128987
0.40552723
-0.19297126
0.52247393
-0.52173203
0.17346427
0.10893208
0.11929079
-0.13955942
-0.50811964
0.2461703
-0.15988012
-0.23690194
-0.10435428
0.3225433
-0.23199862
0.51858854
-0.0017256364
-0.24228117
-0.036492914
-0.30292583
0.41299152
0.16297986
-0.07125453
0.17569426
0.080746286
-0.031536058
0.89422834
0.29581672
-0.021088049
-0.45470977
-0.38499713
-0.07038157
-0.008128921
-0.43683138
0.18713194
-0.06632987
-0.16328418
0.020073071
-0.110044405
0.77513534
0.14145991
0.006095417
0.45099795
-0.2591017
0.09987505
-0.52514696
0.19108222
0.5041939
0.10970856
-0.50748694
-0.3687471
-0.4956443
-0.308411
-0.2151861
-0.320757
-0.25087416
-0.07747592
0.25764954
0.34929848
-0.12958153
0.0049704015
0.033418804
-0.13254611
0.09398861
-0.032096833
0.04724627
0.22346748
0.3480412
-0.2056476
0.3356769
-0.07503208
-0.29923123
0.27529547
-0.47737977
0.13703977
-0.10764517
-0.12272632
-0.28612468
-0.15477118
-0.30321574
0.38584352
0.4187275
-0.053441018
0.092269525
-0.01890941
-0.09950608
0.26849747
0.6214992
-0.27704418
0.38465217
-0.21484122
0.2829355
-0.30496556
-0.36071402
-0.296905
-0.6879371
-0.18422669
-0.15124208
-0.17683795
0.46798274
0.1592789
-0.5280563
-0.47848552
0.08334291
-0.31780943
0.19120298
0.42606464
0.22546466
-0.8221381
-0.07456057
0.45058152
0.26066607
0.1010774
0.1746842
0.07625883
0.93705523
0.24146593
-0.5950814
-0.07995153
0.20553124
0.42816457
-0.16579436
-0.4784858
-0.07680522
-0.17556143
-0.14958778
0.09482266
0.0071978793
-0.098568186
-0.06835932
-0.19044384
-0.010114986
0.14699839
-0.5779503
0.41303504
0.8312687
-0.045322023
0.105624326
0.24387872
-0.102256835
-0.23154637
-0.61805356
0.43719932
0.2497953
0.05753482
-0.24941358
-0.35074484
0.6913016
-0.12154713
-0.042458996
-0.02181925
0.6786282
0.10357433
0.04524389
-0.02287486
0.17888926
-0.048055094
0.047926128
0.2654397
-0.29108715
0.20063007
0.5353053
0.06594966
0.18736173
-0.3195117
0.34107596
-0.15444791
0.006733071
0.15591094
0.055268038
-0.26644173
0.39330012
0.11798574
0.3427504
0.2518689
-0.48736963
-0.25986838
0.28431678
0.56016344
0.6231213
0.15058592
0.3150931
-0.56494814
-0.43006834
-0.54758227
0.8117272
0.33767426
0.38460046
-0.017300695
-0.42274976
0.3661121
-0.5867043
0.30089936
-0.29773104
-0.13367325
-0.07504499
-0.6608933
1.23233
0.76602805
0.22259629
-0.25734678
0.4110483
-0.3685416
0.13683994
-0.9064782
-0.15694962
-0.1775825
-0.4374019
-0.55011743
-0.4642105
0.1591725
-0.5434549
0.1614027
0.029904522
-0.2873872
-0.11199475
-0.24330156
-0.016148165
-0.565714
0.32433447
-0.49693573
0.19700861
-0.43316376
-0.17253727
0.115988865
-0.23866588
0.03514865
0.26876813
0.4274447
-0.6057427
-0.16793121
-0.12876236
0.18062608
0.13742037
0.33876836
-0.3994939
0.5658256
0.07334046
-0.01757577
-0.05272086
-0.0031964034
0.20498924
-0.07615161
-0.075211585
-0.16947709
0.30903855
-0.7004987
-0.16899855
-0.10513774
0.26283786
-0.4167058
0.2686714
0.40850455
-0.17823426
0.16508228
0.71215117
0.09867442
-0.427513
0.37561613
0.34571695
-0.57681525
-0.25001615
0.37947497
-0.17703435
-0.16031787
0.19244142
-0.4096862
-0.3176456
0.06707104
-0.34973538
-0.5802605
-0.31356823
-0.38490114
0.021128066
-0.57999104
0.3573641
0.037612237
-0.3661879
0.050090745
-0.24496676
-0.04302003
-0.10990761
-0.024082147
0.9791344
0.5618435
-0.12057672
-0.72983664
-0.97252524
-0.2210713
0.06551372
-0.12132231
0.39526474
-0.9677274
0.17468315
-0.44340566
-0.50044084
-0.45522338
0.07865086
0.03173047
0.8951827
0.67263937
-0.5618567
-0.07938438
-0.24929747
-0.37684244
0.5824308
-0.22551191
0.26448455
0.50737923
-0.038815834
-0.122449666
-0.10647179
-0.46875542
-0.8688721
0.52551335
-0.21186022
0.34425026
-0.16029656
0.060328677
-0.1408296
-0.06813017
0.30965975
-0.15337405
-0.054005325
0.44700685
0.17248003
-0.13861741
0.06518236
-0.28285477
0.7461205
-0.13234448
-1.0395062
-0.15845479
0.10223903
0.62421113
-0.35407948
0.014467653
-0.27638835
-0.5432062
0.22104023
-0.2833313
-0.06316583
-0.3959557
0.33375934
-0.58032316
0.32686698
-0.08900753
-0.049741082
0.43314868
0.14251593
0.17941205
0.4136532
0.07188907
-0.17937492
0.5793407
0.40788835
-0.17692107
0.283637
0.7036036
1.0877248
0.2534572
0.13314928
0.048757397
0.18491131
-0.2896015
-0.38485464
-0.027059756
-0.5728605
-0.0019250959
-0.278098
0.6099061
0.3422885
-0.29467937
0.048045456
-0.47051635
0.33081615
0.3836348
-0.32961008
0.019338124
-0.3517389
-0.4716592
-0.0069024786
-0.1563886
0.4369489
0.09327115
0.0863487
0.17574824
0.26598692
-0.10131978
0.088655055
-0.07550504
0.2633043
-0.2691874
0.20916252
-0.12740645
0.007367054
-0.22807735
0.17045726
-0.44822213
0.33443412
-0.08880092
0.07550984
0.23588455
-0.15281287
0.061271325
0.05494433
-0.15183526
0.7684683
-0.1039093
0.3925333
-0.09550411
-0.4245352
-0.48332685
0.050990492
-0.028037999
-0.006694544
-0.06455662
0.5468688
-0.14215943
0.13658743
0.58897984
-0.40722007
0.017601207
-0.22541817
-0.10221293
-0.57781744
0.20712051
-0.42255482
0.1301738
-0.3219048
-0.49786308
0.29931268
-0.39094454
0.24700674
0.24611606
-0.57103246
0.32788068
-0.21047135
-0.053616166
0.053796247
0.18635227
0.09347889
-0.19421348
-0.5759446
0.20668554
0.31592372
0.41957155
-0.38626087
0.0014715269
-0.49949175
-0.7405735
0.73634285
0.22287929
0.35940483
0.15066168
0.7094804
-0.20987868
0.092393965
0.42604747
-0.01720342
-0.761485
-0.14445382
0.55459815
0.36616236
0.3790866
-0.13584538
0.099901766
0.34722558
-0.11350466
-0.051284693
-0.040732205
0.6731652
0.15607257
-0.071991615
-0.3758181
-0.08491546
-0.25713217
-0.36306202
-0.08268448
-0.20814459
-0.1822345
-0.059617266
0.29735327
0.32895914
0.106521256
0.3292794
-0.10790679
0.29037786
0.004999116
0.14499219
-0.08199967
-0.18538286
0.37887558
0.09585645
-0.106044486
-0.9735814
0.38006797
-0.24323101
-0.082151964
0.037460342
-0.36788398
-0.18480441
-0.074222565
0.2778392
0.24225144
0.5708873
0.34347895
-0.04537452
0.4657687
-0.07640092
0.53109115
0.42928627
0.026224142
-0.29899192
-0.19525556
-0.1809524
-0.3685717
-0.20386612
-0.23239931
0.36862385
0.12532827
0.24730965
0.417189
0.18629462
0.03328556
-0.06874865
-0.040317483
0.31265894
-0.12155787
-0.16411304
0.2584237
-0.4478688
0.63133705
-0.13613515
-0.4446149
-0.13912295
0.17562628
-0.8352964
-0.14408557
0.41223666
-0.5207507
-0.04880126
0.16572142
0.101822674
-0.28628862
-0.19234556
0.29742056
-0.15759952
0.12554193
-0.13120002
0.15427065
-0.12097496
-0.05201046
0.10629111
-0.23306541
-0.17283832
-0.23252548
0.0089652315
0.057029784
0.57948613
0.37208503
-0.0697887
-0.14065626
-0.50947344
-0.1096342
0.08425923
-0.12724626
0.13053587
-0.3052923
-1.0758924
0.24608114
-0.29625946
-0.06679721
-0.20053992
-0.17238425
-0.119538866
0.006097585
-0.0028326064
0.16570581
0.17364742
0.19847734
0.3201493
0.16682366
0.50880724
0.54454106
-0.23158729
-0.18868214
-0.4161132
-0.4583001
-0.70566165
0.2810079
0.077368975
-0.29418498
-0.079333365
0.19809969
-0.13543877
-0.40085506
0.44197595
-0.17486782
0.55186546
0.4598636
0.13540971
-0.6070648
0.33347446
0.2868591
0.54684556
0.83182776
-0.10979485
0.041783996
0.08278042
-0.47155294
-0.3105208
0.55987203
0.29305658
0.20143503
-0.3549338
-0.2562436
-0.14761455
-0.28487727
0.20666777
0.4055357
-0.3596385
-0.43327507
0.03755477
0.18242039
-0.30224153
-0.43024385
-0.21503475
-0.15301053
-0.15440105
0.05794844
0.024127062
-0.1116096
-0.20589052
-0.122084826
-0.10040574
-1.0955983
-0.37069574
-0.492005
0.17192626
-0.29545742
0.40765443
-0.10836303
-0.42265514
0.4072273
-0.087575264
0.3860653
-0.67442584
0.19743115
0.14513454
0.45439595
0.032795712
-0.17602512
-0.20447232
0.07816769
0.15614341
0.10715279
-0.08464321
0.39369437
-0.47778648
-0.62046754
-0.4180757
0.54654473
-0.23089677
0.24232206
0.025726274
-0.08457827
-0.056854375
-0.19624119
0.39536446
-0.45877194
-0.102323726
0.07715488
-0.38164845
-0.07228607
0.06768072
-0.47596288
-0.20170248
0.38662696
-0.050704014
0.32621974
0.60866994
0.23205239
0.83850676
0.23903996
-0.65739197
0.055982
0.20226012
0.26873094
-0.014242902
0.16623546
-0.3378017
-0.5192682
-0.00849545
-0.3307995
0.22922844
-0.37632626
0.43573213
-0.24309273
-0.17686415
-0.013123736
-0.028818533
-0.1736893
-0.3491117
0.42098463
0.52233624
-0.05927918
0.40416944
-0.18383935
-0.059007294
0.26855814
0.31957972
0.31922236
0.5262506
-0.15054956
-0.17975324
0.37836924
-0.46741134
-0.116440155
-0.25476563
0.29817066
0.097017914
0.65004337
-0.2575112
-0.40030882
-0.12093901
0.039295655
0.12961884
-0.16635431
0.6763681
-0.602824
0.57296634
0.18895088
0.24787539
0.22935447
0.30328944
-0.32460076
0.22436908
0.16005714
-0.2813737
-0.15301055
0.19257016
-0.011527941
0.27362362
-0.3455068
-0.35055125
0.046421528
-0.022734199
-0.07442054
0.1919393
0.2130006
-0.019361407
0.061004564
-0.15603514
0.3261668
0.17654115
-0.12889817
0.5076161
-0.47890586
0.09387566
-0.18518841
0.5109405
-0.06890677
-0.19611569
-0.16975673
-0.25368443
-0.18355522
0.6356729
0.33358222
5.65812E-4
0.10936643
0.5929088
-0.1284097
-0.0073234253
-0.026556484
-0.35872766
0.0023565218
-0.026400357
0.121281184
0.09012751
0.32505965
0.41584718
-0.5933434
0.04234798
0.1739147
-0.42218962
0.094245724
0.24745786
-0.32252395
-0.018776681
-0.20279862
0.5403553
0.10003826
-0.5718569
-0.045021884
0.14760417
0.032608762
0.096935555
-0.25757757
0.284971
0.18828095
-0.09155232
0.11838942
-0.083243474
0.3530497
0.46623638
0.34162113
-0.117866114
-0.39125627
-0.16979825
0.5255558
0.7231243
1.0411853
-0.027055748
-0.09662804
-0.025399491
0.7692925
-0.109544665
-0.162853
-0.33515933
-0.028778575
-0.0016608611
-0.17381254
-0.30764937
0.2210998
0.52633613
-0.42108154
0.70486134
0.062343784
0.28731203
-0.4660071
0.33070177
-0.2417903
0.18748426
-0.13893598
-0.21588498
0.084507614
0.10309248
0.47054225
-0.017292775
0.33765155
-0.10734198
-0.03604533
0.029916927
0.10921945
0.22899812
0.20235397
0.029111981
-0.108069584
-0.23046276
-0.3036446
0.15165608
0.3241368
0.08964674
0.2683406
0.117067054
0.3053426
0.9194474
-0.115773976
-0.10813485
0.13359302
-0.02916665
0.31955558
0.44059724
0.070303574
0.17999752
-0.30968803
0.31710848
-0.33522317
0.115842745
-0.12828246
0.06817239
0.4874794
-0.4623817
0.44270727
-0.5648095
-0.11710799
0.12093544
0.03521567
0.5115298
0.500933
0.029283533
0.24831808
0.030360758
-0.49604884
-0.57414407
0.26359937
0.1255255
0.21918848
-0.23288664
0.6788409
0.032113355
0.39421192
-0.25661567
-0.039818153
0.013734538
0.12937671
-0.052180946
-0.27747273
0.6418396
0.112964496
0.69191
0.25200832
-0.7548881
-0.6354582
0.6789081
-0.170571
-0.7679816
-0.33196712
-0.4255393
0.5736277
-0.17444411
-0.27505824
0.28849083
0.45987934
0.39902815
-0.08595857
0.01459194
-0.33171195
0.35448962
0.7222182
-0.37010604
0.12696952
-0.4357561
0.1902125
0.6461137
0.0797157
-0.05849148
0.88104105
0.054794144
0.5153381
-0.37259054
0.82461435
-0.6488035
0.6779931
-0.507217
-0.90721315
0.20166102
-0.44940692
-0.26336673
0.13193443
0.14359903
-0.44764075
0.38935274
-0.26090798
-0.6428966
0.32924545
-0.21142136
0.04205235
0.24212159
0.7950525
-0.009124249
1.2232585
0.2782058
-0.61808693
0.17520583
0.40124804
0.0795766
-0.36751106
-0.6678662
1.1147327
-0.3822324
-0.16054942
0.6280586
0.89975524
0.19539341
0.37996033
0.37536636
-0.0995765
0.21735069
-0.14907631
-0.14503652
-0.3696518
-0.28931764
0.0839993
0.034090597
0.4355843
-0.114745185
0.11965494
0.20365433
-0.18585797
1.0983236
0.2855
-0.6133754
0.012513205
-1.1787963
-0.27725592
0.11692944
0.31625965
-0.3912735
0.04284227
-0.2834168
0.008008234
0.080855325
-0.15977612
0.8717212
0.39533988
0.2842655
0.012759771
-0.015241946
0.4337284
-0.14975551
-0.64062375
-0.15036504
0.16124484
-0.041783407
0.069155455
-0.4759683
-1.6192966
-0.7601215
0.034262076
0.06568345
-0.14775981
-0.001148697
-0.28415585
0.69988996
-0.3358671
0.1408853
0.59262353
0.23583338
-0.88810885
0.5567877
-0.17091078
0.49447462
-0.38584864
-0.17946437
-0.2742534
0.5863643
-0.6815265
0.41029435
0.6451087
0.6565949
0.5306671
-0.37144354
-0.31045085
0.29524493
0.14446262
-0.5621096
-0.037595727
-0.44084772
-0.6267019
0.28837946
0.31040615
-0.103970885
-0.050017826
0.5034761
0.27764267
0.56030357
-0.060310587
-0.7972572
-0.5969259
-0.0771566
-1.1564441
0.11720283
-0.6856887
0.27200767
-0.20563161
-0.38402092
-0.5074704
-0.3006623
0.23509184
-0.8736682
0.79363215
-0.32033846
0.008064091
0.076898955
-0.08857183
0.5847573
0.038713053
-0.2683448
-0.058700442
0.11610525
0.28758234
-0.32383808
0.92342067
-0.54064757
-0.4687156
0.10141012
0.043746427
-0.36067134
-1.1771158
-0.45291656
-0.6511737
-0.34707487
0.13757561
-0.7216946
-0.24725837
0.5448959
0.40985122
-0.07572446
0.4431695
0.010700652
0.5736949
-0.38140047
-0.7583975
0.0064374655
-0.75688946
-0.40232137
0.5837272
0.78308153
0.44365385
1.1533133
0.036576226
0.46709666
0.5774609
-0.039726205
0.332901
0.23897448
0.0057162493
0.41205573
-0.43872768
-0.48602715
-0.48535872
0.6047156
0.12993994
0.73007923
0.40684584
0.25120467
0.7462054
0.5078455
-2.340315
-0.48226398
-0.33150542
-0.40266177
-0.19247869
-0.25872973
0.10795365
0.25954795
-0.31534746
0.2473
-0.5978962
-1.1290443
0.23217982
-0.26544785
-0.98901856
0.27612042
0.5962509
1.2782395
-0.42474818
-0.6810079
-0.77317697
0.3104772
-0.84591633
-0.61843234
-1.1289053
-0.3428355
-0.3667511
-0.63157547
-0.7074921
0.2186842
-0.71324486
0.30958554
-0.75785094
0.32589835
-0.9786997
-0.12479155
-0.29679808
0.3741523
-0.15241048
0.076795846
0.041323088
-0.44834858
-0.09771838
0.3730321
0.4604438
-0.4168809
-0.062022865
-0.50905854
-0.38396582
-0.24403253
-0.23899417
-0.8443376
0.3387268
0.010101162
0.21254463
0.25285327
1.0957822
-0.22667994
0.69940704
0.06114783
-0.80624014
-0.5096594
-0.3046193
0.13798733
-0.9431399
0.38976386
-0.41708738
-1.4720345
0.73104525
0.9167314
-0.52440256
-0.21945111
-0.41744444
-0.17403409
0.34498167
0.094247244
-0.9948181
-0.7720497
-0.661146
1.07574
-0.2589393
0.22420658
0.24028517
-1.2774023
0.18056616
-0.16315648
-0.68714225
-0.33100662
-0.16508922
-0.5220191
-0.49126178
-0.34984505
-0.8666864
0.91324985
-0.7697596
0.46268165
-0.47827584
0.06260678
-0.118259326
-0.010050505
0.038464427
-0.12054101
0.4552995
0.117844746
0.47596627
-0.40207404
-0.46024144
0.09486086
-0.83802265
-0.7980889
-0.16658919
0.38140333
-1.2646888
0.19131765
0.45667633
0.38938028
-0.13754855
0.014422022
0.1596643
1.234223
-1.1815552
0.5345901
-0.5692551
0.23599023
-0.37710005
0.13146347
0.078184485
-0.29426938
0.10230288
0.04569909
-0.108774215
0.013443761
0.979181
-0.09312186
0.09455855
0.5342597
-0.57675135
-0.06547268
-0.62597567
-0.39385968
-0.08802417
-0.5614428
0.5375245
0.55489206
0.10638968
0.21461077
0.6194138
-0.11534256
-0.028486729
-1.0817726
-0.005601853
0.5143775
0.17453632
-0.25964934
-0.32255536
0.33090603
-0.10554339
0.04191355
-0.026846789
-0.45764807
-0.011386842
0.2408912
-0.37559754
0.6583367
-0.27053356
-0.57182866
-0.34459496
-0.090523206
0.5332518
-0.43587005
-0.72768015
-0.86309433
-0.23461094
1.9778206
0.37912494
1.0510007
0.17844489
-0.24390462
0.72450095
0.12905332
-0.36809963
-0.643586
0.08401725
0.02490075
-0.80795574
-0.7479749
-0.48793286
0.81710905
0.40119594
0.3731915
0.07952553
-0.33443132
0.36773533
0.93466467
0.03582809
-1.6187301
0.44877005
0.7771708
-1.1179645
1.082821
-0.2955002
-0.47705165
-0.05399802
-0.7309163
0.48492914
0.39217532
-0.031811528
-0.30666572
-0.4443367
-0.22598347
0.15421325
-0.6741024
-0.44495228
0.07627597
-0.21935791
-0.9044552
-0.7845909
0.47620484
0.051763147
0.18629123
-0.7975861
0.64109206
-5.2700937E-4
1.0190997
-0.80026996
-0.35121217
0.16782032
-0.86997867
-0.22954798
-0.013913333
0.02306144
-0.24706969
0.37629747
-0.20241281
-0.4307303
-0.05594428
-0.92950064
-0.7420517
0.5292758
-0.25651103
0.84120804
0.19781494
-0.7229629
-0.8610665
-0.2755435
0.07948588
0.068190545
0.9429308
0.79485744
-1.0880007
0.16312498
-0.3325027
-0.52707434
0.19752818
0.19490775
-1.0361662
0.13632256
0.25856715
0.3388488
-0.1568284
0.090360604
0.028366102
-0.09086776
-0.4210943
0.14638723
-0.37395716
-0.17937154
-0.04041914
-0.40403023
0.8811792
0.46600884
-0.79317147
0.14290461
-0.14207898
-0.8328638
0.39195803
0.9675783
0.5282678
0.7009946
0.17835076
-0.63522273
-0.8535821
0.50959384
0.31380174
0.15491453
0.06769659
-0.18011619
-0.0028955266
0.38999406
0.10799199
-0.086713865
-0.16334641
-0.741944
0.28616333
-0.31245363
-0.38248307
-0.1884216
0.9058859
-0.26245067
-0.41766283
-0.37690282
-0.3895344
-0.08854929
-0.13632707
-0.51387393
-0.45613056
-0.05068627
0.35671547
-0.13261747
0.30936527
0.036010507
0.21114208
-0.2918463
-0.87694985
0.39697295
1.1125915
0.0147496015
0.84914404
0.16595483
-0.05729432
0.021265943
0.047183692
0.7231054
-0.29337558
-0.45944488
-0.32833406
-0.2193053
0.5247724
-0.19877
-0.44333285
-0.285949
0.06420207
0.031247303
-0.06500944
-0.23149678
-0.3212161
0.4469561
-0.36026978
-0.40845937
0.39703944
-0.22515234
0.5084065
0.05617675
0.18311033
-0.1423422
0.47921616
-0.39688757
0.03142564
-0.15335648
0.31673303
0.10737182
-0.48853362
-0.2596023
0.109521285
-0.14756183
0.17330474
0.13641053
0.59167475
0.39333224
0.42943802
-0.060653422
0.40321442
-0.091824576
-0.48732442
-0.497596
0.6342154
-0.6193957
0.25873703
-0.22940676
-0.47441947
0.08667722
-0.20566307
-0.20419873
-0.52241164
-0.16762379
0.865024
0.08478974
0.47405955
-0.003890656
-0.1726819
0.2860643
0.121306665
0.45262724
0.08362314
-0.31589526
-0.12501176
0.30938384
-0.43498328
0.21471542
0.14124125
0.35639054
0.5664136
0.377936
-0.18247318
0.5923915
0.299787
0.5579743
-0.06083762
-0.46835712
-0.19778262
-0.47144452
-0.11771783
-0.1954833
0.64435554
0.40406573
0.21726316
0.11790351
-0.14644372
-0.08288108
-0.19350833
-0.06586459
0.30437207
0.15456547
-0.31623724
-0.030999579
-0.1050988
-0.5017742
0.25726837
0.45212665
-0.1816462
-0.7575126
-0.59948987
-0.016074292
-0.3637201
0.38142842
-0.29637206
0.99124223
-0.005250681
-0.73377264
-0.6816938
0.07901781
0.23935488
0.9239918
-0.8397606
0.07086381
0.27802497
0.036108486
0.21699606
0.29005006
-0.3343607
-1.0950584
-0.051204175
0.3360355
-0.67794216
-0.43958312
-0.13070965
-0.22825009
-0.02077518
-0.29127124
-0.30012023
0.32419723
0.2652393
0.8159364
-0.5748584
-0.43898666
0.20396318
0.27798817
-0.462761
0.02563705
0.258191
0.44970804
-0.4183763
0.6613203
-0.044173084
0.7950065
0.604856
-0.4938294
-0.14226326
-0.059713267
0.010170698
-0.044829756
0.57974297
0.64059705
-0.13044225
0.9780704
0.0036542937
0.1159537
0.09802452
-0.13031213
0.17435366
-0.005867213
-0.16703188
-0.22714572
-0.03245846
-0.17828567
0.018907689
-0.23626292
0.05338615
-0.16391079
-0.1333268
-0.251773
-0.32631457
-0.35455218
-0.6707327
0.10062434
0.017968118
-0.06551483
0.20331287
-0.41330054
0.34976456
-0.06845702
-0.41616577
-0.38172668
-0.014004588
-0.06294669
0.036008246
-0.20740432
0.12725139
0.17995699
0.5913776
0.0017061403
0.33553362
0.22898005
0.50893795
-0.23691028
0.7121484
-0.20147876
-0.53954864
-0.5025585
-0.15050471
-0.2591086
0.039654016
0.4871486
0.650365
-0.10170093
0.47135654
0.80052793
-0.027273457
-0.23887232
0.07161742
0.35411334
0.21997595
-0.3535316
0.2916242
-0.009181805
-0.51934606
0.52586013
0.14527646
0.09291664
0.7102792
-0.25364897
-0.60350126
0.3652065
-0.008484505
-0.52192414
-0.73148626
0.6376534
0.74664664
-0.1011758
-0.51151836
-0.02422747
0.9019659
-0.1680151
-0.19245765
-0.51188624
-0.76627725
-0.05761903
-0.033037324
-0.4805273
-0.05928521
-0.49269685
-0.67458355
-0.37675408
0.13894539
-0.44000998
-0.21864009
0.08725174
0.04493907
0.09385794
-0.15565978
0.1666338
0.0075467834
-0.031321388
-0.25292313
0.036101297
-0.30618727
0.028188601
0.2823179
0.67471653
0.22997789
0.20510682
-0.55849326
-0.0457016
0.28876
-0.85635877
-0.107248366
0.11296004
-0.10074178
-0.373859
0.35361397
0.7807194
0.17372705
0.39601642
-0.09009224
-0.2088842
0.52712756
-0.36192802
-0.44443893
-0.45095032
-0.5918158
0.24098131
0.12628157
-0.49928787
-0.17371011
0.15459393
-0.25226727
0.0718321
0.39777154
-0.034783043
-0.057011247
0.3273639
-0.81703347
-0.012365952
-0.1457911
0.12553568
-0.64224404
0.027505096
0.40614766
-0.13002267
-0.4795148
0.07882538
-0.43523687
-0.6167738
-0.23384142
0.066054665
0.60034466
-0.32868162
-0.33824265
-0.25850308
-0.2172671
0.22427927
0.28671095
0.14584626
0.21440604
0.17736576
-0.5459647
-0.13970728
-0.7407064
0.045150727
-0.2697475
0.031610616
0.29237932
0.17182544
-0.16542208
0.6399547
-0.49313992
0.16571961
0.5943191
0.25280124
0.6334254
0.25516254
0.73245835
0.23752816
-0.053743303
0.027479678
0.6861987
0.15124175
0.36026737
-0.020986628
0.321187
-0.4142605
0.1262563
-0.071579576
-0.3131219
0.5106144
-0.40758154
0.05335085
0.59932727
0.10414067
-0.34854776
0.24238786
-0.24258965
-1.0633725
0.11011107
0.02302073
-0.3380642
-0.55898833
0.08596119
-0.0022186302
0.43980008
0.25773546
0.2434567
0.046510555
-0.35044312
0.03643497
-0.40772063
-0.20703869
-0.40950438
-0.032516092
-0.2523173
0.06710119
-0.1326589
-0.40899682
-0.29139107
0.17969288
0.41993767
0.3160294
0.22272834
0.2407231
0.41067398
0.2718886
0.5670968
-0.42572474
-0.5377588
0.17760058
-0.21861959
-1.0482334
-0.1578304
-1.2090927
0.40773627
0.20708601
-0.22538431
0.32243496
0.08278084
0.38111556
-0.09930876
-0.0022243597
0.25329334
0.47860044
0.16207144
-0.1367996
-0.1741648
-0.45288
-0.12069196
-0.31751376
0.120243736
-0.045226574
-0.6065238
0.16888674
-0.02997925
-0.104113236
-0.34074822
0.072398156
-0.35196486
0.57476866
0.11223349
0.44325635
-0.1253379
-0.2726888
0.34192285
-0.4022525
0.6423017
0.36219138
0.18889734
0.055922896
-0.36288926
0.49039945
-0.13975482
-0.06405072
-0.094621286
0.046284482
-0.007368587
0.22406146
-0.75820726
0.11374205
0.4491784
-0.14891422
-0.79160136
0.25613713
-0.16758296
0.54924214
-0.42167085
-0.66142035
-1.368415
0.1537016
-0.13775401
-0.2082369
-0.74624825
0.049202096
-0.5927502
-0.008639842
-0.069002986
0.2970806
0.90073055
0.15447217
-0.3315585
0.009714857
0.7987316
-0.5162007
0.3830578
0.66734755
-0.097444996
0.036916696
-0.3626757
0.54563415
0.2123774
0.07847972
0.24516267
0.097393624
-0.1262641
-0.25704744
-0.05302103
0.0020474568
-0.11231733
0.58931464
-0.19569588
0.30699682
-0.2279802
-0.17783226
-0.03128206
0.5585429
-0.03292851
0.20263244
0.5664377
-0.44266236
0.88534766
0.15108794
0.10332593
-0.24144086
-0.7142094
0.44873935
0.25410843
0.36720872
0.014854386
-0.7565027
0.23426835
0.35107625
0.16909364
0.22999613
0.47012112
-0.058687136
0.48209715
-0.92455125
-0.49932045
-0.37759537
-0.32438257
-0.42745292
0.104504
-0.079653576
-0.30672842
0.2039421
0.14955445
0.119139455
0.3520957
-1.117974
0.6734675
0.19136423
0.54404557
0.27944458
0.31992838
-0.15745847
0.011088528
0.20887381
0.60824615
-0.2665407
-0.271955
-0.64190245
-0.4450494
-0.0919297
0.53784233
-0.12615362
0.4242318
-0.68940896
0.34751236
0.2820576
-0.14918154
0.93375313
-0.5980873
-0.04667788
0.92523164
0.9915264
-0.27117568
0.1993171
0.13759974
0.24237728
0.06482859
-0.20504946
0.50494057
-0.20500526
-0.5965539
-0.17082661
0.1297978
-0.030838747
0.23333421
0.3741858
-0.16660638
0.69717383
0.22993377
-0.6189407
0.13301462
0.71137655
-0.5385923
-0.05743738
-0.030420383
0.42108297
-0.76084685
-0.026774151
-0.52256083
0.08408731
0.1557278
-0.02442319
0.930913
-0.5365658
0.13233922
-0.34487623
0.15799722
0.51552784
0.1340207
-0.4234685
-0.55883783
-0.25148937
0.075039685
-0.2884031
0.0643884
-0.5111456
-0.59903836
-0.30309796
-0.39234924
-0.13981682
0.37749088
0.52377284
0.2985108
0.8463781
-1.0359333
-0.041424647
0.11088127
-0.030511454
0.390382
0.15383886
0.31370905
0.02512467
-0.0102432445
-0.19846612
-0.44918045
0.047611043
0.027816094
-0.020975597
-0.2187153
-0.5776263
0.03600571
0.95653844
-0.02522291
0.036455162
-0.28114593
0.4485817
-0.03368429
0.09658157
0.6891036
-0.4118412
0.36809993
-0.34496993
-0.34844694
0.42835805
-0.4423457
-0.39916217
0.1544387
0.4944092
-0.5959816
-0.53971624
-0.12511915
1.0591682
0.39743954
-0.42648444
-0.62672246
-0.2505415
-0.31593487
0.2212482
0.21516387
-0.06477666
-0.10899842
0.12511961
-0.28816527
0.30895543
-0.28155643
0.019554235
-0.2371439
0.7277314
-0.32806298
0.084943265
-0.44058922
0.28140843
0.39809602
-0.07332133
-0.13990015
0.11778347
1.1217408
-0.15621652
0.21855304
-0.20045975
-1.0896356
0.07380555
-0.46981725
-0.27192461
-0.010205489
-0.19096336
0.50596845
0.24045062
0.5661777
-0.25519395
-0.09050626
0.66483355
-0.122920446
0.115239084
0.34710714
1.4781787
-0.2997471
0.40742612
0.64814955
-1.5501606
-0.19092554
0.6399376
0.11349047
0.53650916
-0.59111387
0.050080508
-0.65826774
0.044123307
-1.0720968
-0.1870014
0.42873424
0.21762833
-0.22293574
0.74402505
-0.065644026
-0.46375257
-0.014060676
0.08758661
0.18012065
-0.539757
0.5036122
-0.5362403
0.5108572
0.13791643
-0.28467625
0.54355
0.7464886
-0.291554
-0.9862968
0.029321417
-0.31511125
-0.21279906
0.02844536
-0.023371454
-0.4151651
-0.0063661635
-0.033665434
-0.0049495697
-0.16667765
0.29551336
0.30091846
-0.3168048
-0.01154054
-0.21309845
0.752109
0.14675027
-0.10476564
-0.95185024
-0.45623374
-0.772922
-1.2498573
-0.0054871626
-0.77897334
0.7950642
-0.7771699
0.43063676
0.9441516
-0.40930542
0.13713071
0.14353569
0.68750143
0.21766917
-0.20975387
0.1119397
0.22481774
0.1169151
0.22702384
-0.59292436
0.1787231
0.36233133
-0.04789311
0.35687748
-0.47855824
-0.38108134
0.88020134
0.4178231
2.6467443E-4
-0.08428374
-0.6263685
0.11835013
0.362529
1.0067157
-0.50002384
1.1218464
0.15774539
0.31696266
-0.3441208
-0.02485875
-0.71077406
0.019847177
0.018193364
-0.060386132
-1.0594122
-0.24800546
-1.4885632
0.3375632
-0.07050462
1.0323061
-0.10466555
0.017137054
-0.014065929
-0.19713297
-0.26718605
0.31476197
0.04160484
0.06366837
-0.20208316
-0.36687127
0.21065748
-0.2494216
0.5912927
-0.36184907
0.23815466
-1.1263133
-0.15158768
-0.7122437
-0.27756822
0.5813375
0.35758027
-0.50349814
-0.17363733
-0.01144506
-0.36749786
-0.2976399
0.6104726
0.12253706
-0.13921759
-0.4615187
0.20934218
0.18930285
0.6061075
0.10282426
0.28652686
-0.05535271
-1.2752004
-0.101840176
-0.38953072
-0.5777515
0.8504776
0.31978145
-0.14892878
-0.08967031
0.18519735
-0.4213897
-0.15113604
-0.19622152
0.11913119
-0.2071196
0.21616091
0.06704347
-0.24381575
-1.048975
0.3095877
0.3158241
-0.81609786
0.2703623
-0.77995205
0.11795129
-0.098783255
0.490991
-0.3625239
0.26158637
-0.5832396
-0.56810385
0.5367236
0.14786512
0.16579922
0.19501597
0.010742471
-0.053164102
-0.14359076
0.023420896
-0.16368
-0.038334094
0.30532926
-1.1014745
0.0145594925
0.15492013
-0.22352731
-0.28937054
-0.37799865
0.80099803
-0.2736276
0.44139272
0.36600083
0.24099937
-0.542375
0.18126012
0.32519633
0.29265907
-0.09266694
-0.18697987
-0.21015468
-0.45973766
-0.76893884
-0.06995248
0.023772813
0.23524073
0.8189378
-0.19954245
-0.55958915
-1.069979
-1.9266822
0.32287002
0.3292104
0.10472202
0.0972936
-0.41122347
0.6974939
-0.8020099
-0.2588304
-0.30124354
-0.047425985
0.3170938
0.07283096
-0.6955069
0.32538283
0.7404752
0.8278777
0.2925677
0.6355066
0.2726569
0.54354143
-0.87526304
-0.48218614
0.3563802
-0.43793988
0.5283692
0.25695375
0.75693697
-0.2911339
0.586608
0.029063642
-0.083394855
1.343906
1.2950599E-4
-0.49224576
-0.46756318
0.10175791
-0.5819967
0.3579042
0.100935414
-0.41984197
0.74301493
-0.26778403
-0.47173765
0.34089014
0.7622669
-0.21855304
-0.19493678
-0.25151622
-0.21467765
0.16209464
-0.56894696
-0.4521401
-0.3034277
0.38733867
0.10921337
0.5710797
-0.5124064
-0.2764212
1.3437886
-0.59660476
-0.42853522
0.6131212
0.582646
0.5510673
-0.19146863
0.06147276
0.2521956
0.55876994
0.26910686
-0.13410656
0.013776451
0.18866223
-0.5064344
0.12513465
-0.52202064
-0.7501125
0.23665416
-0.09073542
0.38146603
-0.69369245
0.032135785
0.14645831
-0.42770392
-0.16957699
0.01712732
-0.5703742
-0.08744277
0.7365177
1.5561985
-0.17563877
0.5561336
0.11315599
0.21577469
0.7506126
-0.92488664
1.0009665
0.36467838
0.029710427
-0.64705193
-0.15976796
-0.2618913
0.3944351
0.13390666
0.44147217
-0.06822306
0.34825692
-0.12732945
-0.2445736
-0.11426641
-0.693486
-0.04714866
0.11025421
0.008333702
0.57184637
-0.056300357
0.37071806
-0.086831816
-0.17744629
-0.4031399
0.27108794
-0.30554202
-0.0793591
0.17593437
-0.40009218
0.25920263
0.77144027
-0.13468406
0.09952578
0.40351802
0.45616975
0.061442867
-0.1666424
-0.058964383
-0.49309927
-0.12946951
-0.41196245
-0.20716447
0.68899775
-0.09212628
0.22585426
0.4016109
0.55975795
-0.22895966
-0.12757665
-0.5734554
-0.19549333
0.011988252
0.17788404
-0.44768637
0.34220237
-0.07468954
-0.47783497
-0.20075843
-0.18757011
0.24834277
-0.27272657
-0.14509661
0.5205575
0.39082155
-0.43875992
0.08099939
-0.55571663
-0.16248277
-0.12485412
-0.13840277
0.237602
-0.14325145
-0.13553962
-0.12289471
-0.09401582
-0.027132552
0.0544734
0.045561016
-0.06821656
-0.20562956
0.22550653
0.29838538
0.1298203
0.43956828
0.21942894
-0.09101005
-0.03317043
0.7487773
-0.09028629
-0.11736059
0.3512267
-0.6303561
-0.040242396
-0.11121444
0.27651936
-0.23697777
-0.32171172
-0.10107499
0.18831088
-0.003237769
-0.07158717
-0.6480834
0.41131982
-0.020101294
0.11643111
-0.03579055
0.43363005
-0.12576328
-0.052931815
-0.22743636
-0.10050038
0.5380521
0.44227695
-0.120648816
-0.49570996
0.19101837
0.47164246
-0.83065045
0.5398307
-0.04343567
0.12736072
0.01970189
-0.2422122
0.03666741
-0.17693365
-0.01929133
-0.21281789
0.361736
0.6718384
-0.22810607
0.06749743
0.06615435
0.35062918
0.019879311
-0.177766
-0.054350853
0.10137562
-0.04514145
0.06422045
-0.028929964
-0.52524793
-0.2753459
-0.016061487
-0.2080976
-0.43771785
0.8275232
-0.3354309
0.3072223
0.31219476
0.29586717
0.119783975
-0.0454773
0.4157902
0.2905959
-0.08217605
0.12938341
-0.31382784
-0.19441193
0.35919496
0.13280764
-0.055224538
-0.012677059
0.18368427
0.15120475
0.29463547
0.6773332
-0.16267839
-0.5962367
-0.48407176
0.16349621
0.31156814
-0.16925614
-0.26288217
0.095915794
-0.21447325
0.12053744
-0.35146394
0.29785103
-0.35627007
0.2302512
0.26665834
0.14932881
-0.16639143
0.07670149
-0.08331535
0.26250127
-0.27360183
-0.052701056
-0.7692951
-0.2578138
0.27539396
0.663073
-0.23914576
-0.22853316
-0.14502653
0.12568364
-0.25751367
-0.38826472
-0.05868735
-0.20839751
0.04517317
0.45798337
0.29512098
0.2653799
-0.19934191
-0.56399626
-0.20951486
0.24911246
-0.072305106
0.18186921
0.7055974
0.022162274
0.393798
0.3332872
-0.16102758
0.20864928
-0.34905088
-0.09691597
-0.054281667
-0.13423312
-0.32351553
-0.0048828125
-0.3839045
0.12479234
0.05555345
0.083420604
0.05689144
0.1358261
-0.23478602
-0.2457621
-0.12258813
0.03534729
0.24268866
-0.7989837
-0.38501
-0.14478756
0.45769525
0.035014376
-0.40991712
-0.16685022
0.43125603
-0.24345198
0.6572759
0.15387312
-0.30706927
0.13936593
0.05334909
-0.13921532
-0.109983474
0.24851222
0.28731796
-0.26119307
-0.43561617
0.9267943
-0.4895944
-0.22423127
-0.09548946
0.09104544
0.6970147
0.14655882
-0.21883081
0.18232201
-0.20833972
-0.1585707
0.064849444
0.07463537
-0.2017281
-0.3889633
-0.1521357
0.0121768415
0.03572247
-0.29587042
0.5720751
-0.34077075
-0.16449083
0.16878597
-0.14189065
0.28377175
0.18462864
0.17336464
0.009034805
-0.06884523
-0.29538813
0.49965084
-0.187422
-0.13623266
0.46801716
0.037710752
-0.3322829
-0.27552795
0.3177578
-0.3365999
-0.106636845
0.13105792
-0.08924335
0.42401794
-0.2687143
0.049016543
0.066853784
-0.13354537
-0.28522044
0.3765977
-0.0022589713
-0.26085225
-0.34575173
0.1578479
-0.0035652816
-0.17234054
0.084722824
0.12669763
0.43646795
0.20233226
0.01441684
-0.0066539086
0.6022779
-0.08432321
0.013054684
0.53094846
0.06393445
0.11845863
-0.32609284
0.22013506
0.8704261
0.29141432
0.4010728
0.22533336
0.2853149
0.13960277
0.091086596
-0.4592105
0.15454887
0.5900343
0.033291787
0.6142212
-0.03713178
-0.1264684
-0.03541757
-0.45541638
0.24736208
-0.18458137
0.25344324
0.53342813
0.23215881
0.2602289
-0.21174449
0.63020104
0.18823542
-0.5441381
-0.25219476
-0.2863391
-0.22712882
-0.069651395
0.15922284
-0.3363219
-0.26740175
-0.2878315
0.069164194
-0.23859431
-0.18294653
-0.06290022
0.25449696
-0.45397472
-0.11164433
0.3130617
-0.2614562
0.08599332
0.25346267
-0.33086598
-0.115100235
-0.45545343
-0.3474533
0.25673687
-0.15315598
-0.03699355
0.265692
-0.03289409
-0.18951872
-0.13614695
-0.27990568
0.311362
0.1929554
-0.07653849
-0.049947605
0.049423628
-0.42707226
-0.2081233
-0.25975645
-0.04746455
0.18756256
-0.31607482
-0.49313867
0.5014935
0.13782892
-0.24800791
0.61223656
0.08815813
-0.85446227
0.088463984
0.46674103
0.008562051
-0.26896334
-0.34415275
-0.079584785
-0.46806353
-0.11491454
0.23500194
-0.32503062
0.8124733
-0.16594715
-0.3572479
0.26318532
-0.20335287
0.1832301
-0.5833079
0.6873975
0.44622895
0.4030453
0.2220296
0.1378583
0.14381135
0.061332677
-0.14790253
-0.27503622
-0.0768967
0.35497108
0.07106399
0.6541641
0.19431242
-0.105451524
-0.42963177
0.10162193
-0.15376227
-0.09689306
-0.14519471
0.4957235
-0.7069955
0.2704689
-0.53287303
0.10901065
0.1486058
0.2960628
0.25122446
0.38298643
0.52690405
-0.41111746
-0.554995
-0.041061014
0.044512287
-0.49605843
-0.21237624
0.17451394
0.39116815
-0.57951725
-0.5693383
-0.14321698
-0.08275832
-0.57310873
0.34344018
-0.46641377
-0.06413369
-0.033225447
0.20250426
-0.56974745
-0.34797874
-0.006711617
0.07867941
-0.26450887
0.11803173
0.09032737
-0.1724149
0.16830878
0.35309112
0.68113184
0.0047390694
-1.0331393
0.1272417
0.041149512
0.35443878
-0.5281447
0.042709295
-0.30719215
-0.13433549
0.30454183
0.037054002
-0.20627029
-0.8247612
-0.03802262
0.03620684
-0.1522751
-0.20893687
-0.006210493
0.21500757
0.5327297
-0.26919755
-0.12604375
-0.21879698
-0.24695627
0.37602276
0.15464066
-0.22619367
-0.05510015
0.2833147
0.68279785
0.77063274
0.15393339
0.13777664
-0.55445915
-0.056175396
-0.17836833
0.18948641
-0.22936046
0.15739317
0.45100287
-0.14994562
-0.14188612
0.29664692
0.14476243
-0.6911373
-0.15004708
0.16450447
0.18707782
-0.69218373
-0.6430569
-0.42599773
0.20227732
-0.45652086
-0.0029459968
0.16829032
0.55926704
0.2039616
0.04319617
0.25665617
-0.98246455
0.058990166
-0.40241092
-0.62438005
-0.06391707
1.0303594
-0.5782874
-0.069500335
-0.35287404
0.2772173
0.66985524
-0.5440949
-0.74421054
0.21363609
0.7074078
-0.41451854
0.55999696
-0.6732871
0.5076109
0.13076243
0.36620867
-0.5314564
-0.2258029
-0.5616591
-0.06585128
0.94074506
-0.58827823
-0.20497596
0.16625452
0.30434677
-0.016934376
1.0480387
-0.041411936
0.7546656
-0.43659303
-0.05398257
0.41381902
-0.6319183
0.21696992
-0.3818428
-0.078082554
-0.004495058
-0.10422542
0.24004018
0.59224457
-0.0550981
-0.12274772
0.7936281
0.9842776
0.5085975
0.08913894
0.42839354
-0.29515624
-0.27993897
0.03773181
0.8528213
0.69097257
0.23478803
0.45528826
0.8650056
-0.5398088
-0.5657686
0.20722976
0.29732186
-0.3590717
-0.5473416
0.10581822
0.11292547
0.83321905
-0.6627238
0.060507134
-0.17973581
-0.0071968213
-0.79717416
0.21579851
-0.7957698
0.26239866
0.2530323
-0.006932309
-0.29294443
-0.35975665
-0.68171126
0.08243106
0.6689931
0.22377643
-0.16987866
0.36629027
0.33860126
-0.7960414
0.5359916
-0.1599528
0.5746451
-0.13166134
0.6368198
-0.0016474985
0.8503397
0.22717959
0.015948098
-0.53155106
-0.22567374
-0.440899
0.67184967
0.36575827
0.33124477
0.6159566
1.142961
-0.38207003
-0.37611964
-0.47604704
0.34453392
0.15200678
-0.1939904
-0.3836785
-0.1954387
0.39210823
-0.2662045
-0.48670557
0.9031643
-0.037770845
0.3389883
-0.34915796
1.2359214
0.24960573
0.6668072
0.7791879
0.2149868
0.5893618
0.3006286
-0.11474146
-0.17464703
-0.55878055
0.21178734
-0.039986353
0.27133644
-0.61882937
-0.3747439
-0.21766177
0.0133022
-0.40598172
-0.26726827
-0.66485125
0.475003
0.079567894
-0.0369225
-0.19548579
-0.8148063
-0.27371785
-0.5591021
-0.84991515
-0.116113946
1.0995058
-0.8745691
1.069388
0.6812137
0.1708724
-0.8677448
-0.44004303
-0.44373685
-0.76901704
-1.1305333
0.33274725
0.6790446
0.38001028
0.45895654
-0.109490864
-0.6070403
-0.3846748
0.6567482
0.26713258
-0.04126686
0.5421635
-0.8440278
0.62095034
0.940916
-0.39224613
0.3236239
-0.4463124
0.45421195
0.07927228
-0.06370196
-0.029313654
-1.1686167
0.46756604
0.07673546
-0.21972238
-0.07609928
0.6882975
0.08549817
0.9526158
0.2907488
1.3135298
-0.53251636
-0.04526884
0.10580815
0.09928358
0.21861386
0.060070522
0.031243786
-1.0386496
0.14892104
-0.38036448
0.42531997
0.34976903
0.042626858
-0.15169796
0.50550103
0.52502936
-0.48532552
0.59979707
-0.3082778
-0.34217095
0.47525942
0.4558942
0.68037724
1.1686473
-0.105792776
0.052102715
0.19277215
0.2199159
-0.6098153
-0.027560502
-0.4303686
0.020166814
0.047182627
0.5234663
-0.63633436
0.3525427
-0.41707993
-0.17759886
0.09047396
-0.057095304
-1.0045244
-0.36200872
-0.53787386
0.22922784
-0.23961703
-0.8139229
-0.8372413
0.48383406
-0.48994094
0.20978367
-0.72320914
-0.309473
-1.0740995
-0.24824084
0.09260966
-0.3386717
-0.32380572
-0.30603737
-0.68025064
0.31281304
-0.37191513
-0.49437392
-0.84806067
-0.25334302
1.0943133
0.3663029
0.44655997
0.28432646
-0.12607045
0.41270527
0.9899669
-0.75592184
0.4857071
-0.017782006
0.34728763
-0.37148142
0.69526976
-0.2033609
0.77113754
-0.15291119
0.073705554
-1.0565854
0.19450569
-0.084214866
0.4635196
0.1647934
0.15315638
-0.15993975
-0.018782023
-0.4734198
0.42301375
0.13839138
0.21942091
0.76898354
-0.423836
0.91317457
-0.5352428
-0.2230826
0.0031895116
-0.25894612
-0.27790773
-0.2608653
0.23887251
-0.15726376
-1.0016106
-0.45474285
0.9903525
0.55718774
0.28510648
1.1888498
-0.5032871
-0.9730528
0.7047409
-0.413414
0.17374271
0.09916117
0.41864717
0.116763115
-0.57527685
0.45633614
-0.24479258
0.28364143
0.031250887
-0.3955664
-0.19288889
0.39210787
0.04057418
0.106780834
0.14666374
1.3898953
-0.21126431
-0.25873923
1.0669131
1.2101249
-0.1859408
-0.77232563
-0.84552497
-0.4407375
-0.17499134
0.22943401
-0.071112595
0.24975914
-0.42591023
0.25827914
0.06346651
-0.12116147
-0.029971257
1.0842421
0.009726537
0.599028
-0.42941582
0.29758203
-0.3177637
0.38512242
-0.114315
0.81310517
0.044390917
0.17566231
-0.009668976
-0.16868374
-0.53462833
-0.3294296
-0.21819654
-0.5108871
-0.18816285
-0.702716
0.43235254
0.19472605
-1.6044478
0.51260537
0.2844916
0.29710883
0.087734036
-0.15639155
1.4373546
-0.2737956
-0.31018433
-0.5299404
0.509528
-0.34175378
0.66164505
0.046072014
-0.75536907
-0.4119789
-0.9400436
0.012434552
-0.25053686
-0.59448135
-0.23999667
0.39104283
-0.15064146
0.74462324
-0.72579813
0.23788677
0.070007905
-0.95319295
0.8106252
0.34939486
0.7704214
0.34550256
-0.60270286
0.36041152
-1.2911538
0.12083606
-0.024576403
0.31247905
-0.5710075
0.7251695
-0.809313
0.24317504
-0.22965728
-0.26369536
-0.16995583
-0.008422346
0.6089248
-0.035783842
0.20355059
-0.25607076
-0.11920637
-0.27955484
0.39579868
-0.13677366
-0.19045165
0.3739218
0.047156833
-0.1158708
-0.29272065
-0.35988802
0.2976888
0.38209102
-0.88295674
-0.11206868
-0.575515
-0.48423502
0.16175696
0.3779253
1.2097102
0.028223086
0.20391798
-0.95463955
0.014915362
0.78102726
0.15850814
-0.721457
0.0053266883
0.3626388
0.13327774
0.5454195
-0.8012981
0.008480495
-0.60395455
-0.17625812
-0.6261031
-0.48671106
0.5596539
-0.24725932
-0.24857792
0.19812639
0.5463197
-0.5735425
-0.01945977
-0.23893067
0.9110469
-0.44689912
-0.024381217
-0.14682122
0.2576812
0.5082196
1.3870493
-0.2859059
-0.29212913
-0.29677105
-0.15164547
0.4974779
-0.696547
1.0303888
-0.73285544
0.19093776
-0.55913126
-0.31137392
-0.14151926
-1.5007832
0.53191566
-0.19276528
0.42318904
-1.5099561
0.13394336
0.6645175
0.15478656
-0.47756416
0.32277718
0.43060812
0.7056279
0.2748515
-0.28877872
0.6698336
-0.096201435
0.92869866
0.05188816
0.2695256
0.6221969
0.22999652
-0.035426527
0.27162173
-0.1446623
0.14458728
0.78837734
-0.5733194
-0.35842106
-0.090838246
-0.79764795
-0.5878803
0.14329673
0.021102242
-0.23285158
-0.32457975
-0.21647392
0.054842412
0.18881437
0.14900161
0.23954512
0.113094464
0.15746212
0.14142136
-0.011022985
0.2172199
0.40137914
-0.34611094
-0.18178606
-0.11795404
-0.43985063
-0.13578737
-0.21570411
0.1135065
0.1525411
-0.32299507
-0.009799406
-0.047721125
0.267313
-0.08356835
-0.17151052
0.017872527
-0.123629436
-0.14908125
0.10474248
0.034590848
0.22250398
0.003833305
0.09426296
0.28192928
0.04786189
-0.10836181
0.056748755
0.3470976
0.013695881
-0.24197246
0.0037906338
-0.100569665
1.0601498
0.17342345
0.17045575
0.25038064
0.0767006
0.20664799
0.0022273045
0.2797694
0.021670803
0.028294181
0.08215995
-0.50406486
0.06855743
0.15279843
-0.071486846
0.58099985
-0.09287583
0.059014022
-0.2452725
0.01862338
-0.10534691
0.40372157
0.353241
0.0049530827
-0.0015247241
-0.31942523
0.045061134
0.11916135
0.14098096
0.026487641
0.0162494
-0.39626533
0.2678613
-0.36246067
0.35375476
0.11253652
0.29879686
-0.13278148
-0.38429427
-0.04939988
-0.18664944
-0.031710364
-0.04270214
0.15408891
0.0069445907
0.09007101
0.14237131
-0.3004117
0.14362106
0.3261562
0.61208665
0.12466876
0.122812584
0.114859365
0.03203956
0.18088204
-0.17397487
0.08119789
8.843024E-4
0.13987482
-0.03650402
0.03507982
-0.09962814
-0.09083405
-0.02671267
-0.26018888
-0.70950264
0.21600801
-0.3730809
-0.09386848
0.07014416
0.0043155774
-0.22945726
-0.17684148
0.544145
0.23746014
0.22467944
0.24148443
0.21089476
-0.017582119
-0.1287721
0.16624254
0.0032535195
-0.46434706
0.051226668
-0.27023116
0.1404697
0.044467572
-0.21777493
-0.08075885
0.037751682
0.071217164
-0.044644445
0.005034782
-0.20613448
0.049833912
-0.025799662
-0.04897639
0.08585876
-0.2741583
0.20760414
-0.0016499478
0.30714908
0.024359167
0.18118516
-0.3518326
0.03138137
0.11083695
-0.100951485
0.14915513
0.013062643
-0.4451386
-0.056711137
-0.38270143
0.119538635
-0.005352035
0.18701
-0.005829852
-0.42808828
0.21184523
0.1873357
-0.29689553
0.030427821
-0.038890235
-0.25357276
-0.09528755
-0.014645912
0.5184835
-0.015263531
0.08176834
0.711701
-0.4685003
0.5338797
-0.077519074
0.066190906
0.061978757
-0.0021774806
-0.22383586
-0.025474869
-0.21205585
-0.26567072
-0.27679262
-0.010935511
-0.22808224
-0.28865516
-0.036486737
0.42663002
-0.043359935
0.38898465
0.04303669
0.04220423
0.16058627
-0.08046103
-0.19592027
0.18864089
0.30563447
-0.33495283
-0.1149394
0.061276525
-0.14042683
0.18615156
0.17555992
-0.045209438
0.19996129
-0.059066013
-0.016538888
0.056813955
-0.1744582
0.26308477
0.14965433
0.0026501566
0.04838963
-0.23726557
0.107144296
0.11861329
-0.0630339
0.18458492
-0.115416154
0.0056621116
0.19569722
-0.09220706
-0.15526941
-0.051904418
-0.106222354
-0.0023526177
-0.08883941
0.017413408
-0.09590162
-0.13105889
-0.07693134
0.49861458
0.16401294
-0.03996855
0.02864924
-0.465601
-0.31334957
-0.1831484
-0.14323585
0.012090853
-0.122302674
-0.115677595
0.60605526
-0.091063015
-0.19458161
-0.14374015
0.08421324
0.11258334
0.0951804
0.26886052
-0.05642953
0.21901001
-0.24574247
-0.04652506
0.2405285
0.24558364
-0.30517635
0.039965753
-0.13041969
-0.06545076
-0.08386349
-0.054339305
-0.03669579
-0.3461567
0.32201388
0.08647336
-0.11423128
-0.054763976
-0.40209362
-0.23002641
0.1187265
0.09858403
0.07353389
0.21906377
-0.13475806
0.21231478
-0.41455653
-0.09924208
0.1986921
0.028896444
-0.18112592
-0.19657408
0.003004388
-0.4637634
-0.25233376
-0.1768522
0.101318866
0.70117426
-0.008422069
-0.08752196
0.13552725
0.06475515
0.2833957
-0.51289535
-0.11745748
-0.110314995
-0.005862374
0.40242213
-0.39634869
-0.15963967
0.34705877
0.21667214
0.087310754
-0.2557943
-0.039154
-0.20309293
0.1354881
-0.18949148
-0.09411581
-0.272784
0.13947189
-0.099013835
-0.2599001
-0.28627998
0.08325164
0.14407644
-0.1449498
-0.37846634
-0.03408844
0.00486809
-0.14352657
-0.13854553
0.22901426
0.021551862
-0.11100687
-0.012519404
-0.0258732
-0.12769315
0.08882508
-0.059867673
-0.1421892
-0.042987786
0.30668575
0.24591511
-0.27112094
-0.12769276
-0.2539276
-0.025174774
-0.15673497
-0.14377284
0.15456568
-0.08163001
-0.021422945
-0.12835471
0.19422406
-0.033160627
-0.0037824363
0.15591805
0.49998868
0.06542284
-0.08806488
0.03538642
-0.14721824
0.14935416
-0.3283548
0.34952933
-0.07656573
-0.20711735
-0.110312484
-0.09294163
0.17792718
0.13017127
-0.17133051
-0.3451352
0.29148793
-0.15101974
0.109733015
-0.33060527
-0.031844046
0.110871315
0.77454376
0.058799297
0.27061158
0.06487797
0.27755958
-0.027377956
-0.15567765
0.20929134
0.14895952
0.1480681
-0.14536414
0.4250254
0.418644
-0.13996652
-0.16146562
0.17155305
-7.304251E-4
-0.21429314
0.1614198
-0.58605075
0.22176671
0.20524919
-0.82878935
0.64148986
-0.20123674
-0.22885033
0.21985294
-0.20504199
0.069077946
-0.17301744
0.06884991
0.07322936
-0.108763546
0.093546614
0.03282881
0.15474506
0.2357469
-0.04575779
0.1646301
-0.20768058
0.027802348
-0.6072593
0.08897513
-0.20232695
0.25770658
0.33429348
-0.218768
-0.03821888
0.29458156
0.17426395
0.277116
0.03694633
0.029115476
0.007878093
0.084448665
0.15248393
0.18992153
0.44824296
0.08429565
-0.020254292
-0.05929984
-0.033251382
-0.1726409
-0.059908144
0.17440933
0.38287044
-0.028552305
0.2277242
0.09123598
-0.12551723
0.021743694
0.3077373
-0.023623455
-0.07426244
0.35554567
-0.24211098
0.11256231
0.14770027
0.046146005
-0.014702797
0.19540322
0.014438186
0.19158098
-0.21639568
-0.07855721
-0.07377638
0.057364237
0.42311135
-0.074839815
-0.38070506
0.1255984
-0.041555792
-0.2904395
-0.32304144
0.04275987
-0.05309374
0.07221082
-0.53609246
0.5223723
0.3503763
-0.038607743
-0.024381429
-0.08786197
0.21317473
-0.09142892
0.112990774
0.08795586
0.124138206
0.30707693
-0.42377666
-0.012695115
-0.04873848
0.27076685
-0.03177596
-0.053731382
0.18779163
0.1441989
-0.13883625
0.25435394
-0.002999179
-0.37968305
-0.028897107
-0.19433409
0.041823827
0.020149559
0.0074198544
0.023081193
-0.0779354
0.3969396
0.16804993
-0.3439613
-0.19011462
0.18795817
-0.006250359
0.23776895
0.12336585
-0.6366973
0.061602585
0.2768286
0.19855694
0.12841235
-0.2435571
-0.3879856
0.37177765
-0.14320734
-0.02481006
0.37071806
-0.086831816
-0.17744629
-0.4031399
0.27108794
-0.30554202
-0.0793591
0.17593437
-0.40009218
0.25920263
0.77144027
-0.13468406
0.09952578
0.40351802
0.45616975
0.061442867
-0.1666424
-0.058964383
-0.49309927
-0.12946951
-0.41196245
-0.20716447
0.68899775
-0.09212628
0.22585426
0.4016109
0.55975795
-0.22895966
-0.12757665
-0.5734554
-0.19549333
0.011988252
0.17788404
-0.44768637
0.34220237
-0.07468954
-0.47783497
-0.20075843
-0.18757011
0.24834277
-0.27272657
-0.14509661
0.5205575
0.39082155
-0.43875992
0.08099939
-0.55571663
-0.16248277
-0.12485412
-0.13840277
0.237602
-0.14325145
-0.13553962
-0.12289471
-0.09401582
-0.027132552
0.0544734
0.045561016
-0.06821656
-0.20562956
0.22550653
0.29838538
0.1298203
0.43956828
0.21942894
-0.09101005
-0.03317043
0.7487773
-0.09028629
-0.11736059
0.3512267
-0.6303561
-0.040242396
-0.11121444
0.27651936
-0.23697777
-0.32171172
-0.10107499
0.18831088
-0.003237769
-0.07158717
-0.6480834
0.41131982
-0.020101294
0.11643111
-0.03579055
0.43363005
-0.12576328
-0.052931815
-0.22743636
-0.10050038
0.5380521
0.44227695
-0.120648816
-0.49570996
0.19101837
0.47164246
-0.83065045
0.5398307
-0.04343567
0.12736072
0.01970189
-0.2422122
0.03666741
-0.17693365
-0.01929133
-0.21281789
0.361736
0.6718384
-0.22810607
0.06749743
0.06615435
0.35062918
0.019879311
-0.177766
-0.054350853
0.10137562
-0.04514145
0.06422045
-0.028929964
-0.52524793
-0.2753459
-0.016061487
-0.2080976
-0.43771785
0.8275232
-0.3354309
0.3072223
0.31219476
0.29586717
0.119783975
-0.0454773
0.4157902
0.2905959
-0.08217605
0.12938341
-0.31382784
-0.19441193
0.35919496
0.13280764
-0.055224538
-0.012677059
0.18368427
0.15120475
0.29463547
0.6773332
-0.16267839
-0.5962367
-0.48407176
0.16349621
0.31156814
-0.16925614
-0.26288217
0.095915794
-0.21447325
0.12053744
-0.35146394
0.29785103
-0.35627007
0.2302512
0.26665834
0.14932881
-0.16639143
0.07670149
-0.08331535
0.26250127
-0.27360183
-0.052701056
-0.7692951
-0.2578138
0.27539396
0.663073
-0.23914576
-0.22853316
-0.14502653
0.12568364
-0.25751367
-0.38826472
-0.05868735
-0.20839751
0.04517317
0.45798337
0.29512098
0.2653799
-0.19934191
-0.56399626
-0.20951486
0.24911246
-0.072305106
0.18186921
0.7055974
0.022162274
0.393798
0.3332872
-0.16102758
0.20864928
-0.34905088
-0.09691597
-0.054281667
-0.13423312
-0.32351553
-0.0048828125
-0.3839045
0.12479234
0.05555345
0.083420604
0.05689144
0.1358261
-0.23478602
-0.2457621
-0.12258813
0.03534729
0.24268866
-0.7989837
-0.38501
-0.14478756
0.45769525
0.035014376
-0.40991712
-0.16685022
0.43125603
-0.24345198
0.6572759
0.15387312
-0.30706927
0.13936593
0.05334909
-0.13921532
-0.109983474
0.24851222
0.28731796
-0.26119307
-0.43561617
0.9267943
-0.4895944
-0.22423127
-0.09548946
0.09104544
0.6970147
0.14655882
-0.21883081
0.18232201
-0.20833972
-0.1585707
0.064849444
0.07463537
-0.2017281
-0.3889633
-0.1521357
0.0121768415
0.03572247
-0.29587042
0.5720751
-0.34077075
-0.16449083
0.16878597
-0.14189065
0.28377175
0.18462864
0.17336464
0.009034805
-0.06884523
-0.29538813
0.49965084
-0.187422
-0.13623266
0.46801716
0.037710752
-0.3322829
-0.27552795
0.3177578
-0.3365999
-0.106636845
0.13105792
-0.08924335
0.42401794
-0.2687143
0.049016543
0.066853784
-0.13354537
-0.28522044
0.3765977
-0.0022589713
-0.26085225
-0.34575173
0.1578479
-0.0035652816
-0.17234054
0.084722824
0.12669763
0.43646795
0.20233226
0.01441684
-0.0066539086
0.6022779
-0.08432321
0.013054684
0.53094846
0.06393445
0.11845863
-0.32609284
0.22013506
0.8704261
0.29141432
0.4010728
0.22533336
0.2853149
0.13960277
0.091086596
-0.4592105
0.15454887
0.5900343
0.033291787
0.6142212
-0.03713178
-0.1264684
-0.03541757
-0.45541638
0.24736208
-0.18458137
0.25344324
0.53342813
0.23215881
0.2602289
-0.21174449
0.63020104
0.18823542
-0.5441381
-0.25219476
-0.2863391
-0.22712882
-0.069651395
0.15922284
-0.3363219
-0.26740175
-0.2878315
0.069164194
-0.23859431
-0.18294653
-0.06290022
0.25449696
-0.45397472
-0.11164433
0.3130617
-0.2614562
0.08599332
0.25346267
-0.33086598
-0.115100235
-0.45545343
-0.3474533
0.25673687
-0.15315598
-0.03699355
0.265692
-0.03289409
-0.18951872
-0.13614695
-0.27990568
0.311362
0.1929554
-0.07653849
-0.049947605
0.049423628
-0.42707226
-0.2081233
-0.25975645
-0.04746455
0.18756256
-0.31607482
-0.49313867
0.5014935
0.13782892
-0.24800791
0.61223656
0.08815813
-0.85446227
0.088463984
0.46674103
0.008562051
-0.26896334
-0.34415275
-0.079584785
-0.46806353
-0.11491454
0.23500194
-0.32503062
0.8124733
-0.16594715
-0.3572479
0.26318532
-0.20335287
0.1832301
-0.5833079
0.6873975
0.44622895
0.4030453
0.2220296
0.1378583
0.14381135
0.061332677
-0.14790253
-0.27503622
-0.0768967
0.35497108
0.07106399
0.6541641
0.19431242
-0.105451524
-0.42963177
0.10162193
-0.15376227
-0.09689306
-0.14519471
0.4957235
-0.7069955
0.2704689
-0.53287303
0.10901065
0.1486058
0.2960628
0.25122446
0.38298643
0.52690405
-0.41111746
-0.554995
-0.041061014
0.044512287
-0.49605843
-0.21237624
0.17451394
0.39116815
-0.57951725
-0.5693383
-0.14321698
-0.08275832
-0.57310873
0.34344018
-0.46641377
-0.06413369
-0.033225447
0.20250426
-0.56974745
-0.34797874
-0.006711617
0.07867941
-0.26450887
0.11803173
0.09032737
-0.1724149
0.16830878
0.35309112
0.68113184
0.0047390694
-1.0331393
0.1272417
0.041149512
0.35443878
-0.5281447
0.042709295
-0.30719215
-0.13433549
0.30454183
0.037054002
-0.20627029
-0.8247612
-0.03802262
0.03620684
-0.1522751
-0.20893687
-0.006210493
0.21500757
0.5327297
-0.26919755
-0.12604375
-0.21879698
-0.24695627
0.37602276
0.15464066
-0.22619367
-0.05510015
0.2833147
0.68279785
0.77063274
0.15393339
0.13777664
-0.55445915
-0.056175396
-0.17836833
0.18948641
-0.22936046
0.15739317
0.45100287
-0.14994562
-0.14188612
0.29664692
0.14476243
-0.6911373
-0.15004708
0.16450447
0.18707782
-0.69218373
-0.6430569
-0.42599773
0.20227732
-0.45652086
-0.0029459968
0.16829032
0.55926704
0.2039616
0.04319617
0.25665617
0.17317043
-0.20863432
0.09881277
-0.009783052
-0.069135815
-0.39887658
-0.4041841
-0.44768745
-0.51768154
0.08219839
-0.0046036206
-0.035064735
0.02052179
0.25522718
-0.10300951
0.4761457
-0.62987286
-0.19033149
0.14490782
0.26789713
0.33394402
-0.2909214
0.011873558
-0.017352715
0.3986504
0.160675
0.11477977
-0.43211532
-0.6675137
0.98523146
-0.029858772
0.50615096
0.24429026
-0.03389366
-0.10603641
0.036760956
0.28247902
0.32619315
-0.10988502
0.19343942
-0.12127761
-0.32055843
0.22977923
-0.74231327
-0.39711472
0.41704106
0.2581508
0.11150446
-0.12532857
0.37539658
0.39245477
-0.07297905
-0.28496146
0.10539163
-0.017030045
-0.60703784
0.22804627
-0.1114228
-0.19334236
-0.002497714
-0.3941282
-0.23492254
0.24128222
0.2276937
0.5545356
-0.45730135
-0.15203428
0.04971431
0.18332466
-0.052911915
-0.11445269
0.24657105
0.09620001
0.4267993
0.6306037
-0.063864216
-0.30431372
-0.2576159
0.24380071
-0.44426364
0.009011969
0.02074303
0.39442536
-0.2528029
0.2903079
-0.2680024
0.15142173
0.05515214
0.006890118
0.09218933
-0.30959868
0.063001975
-0.56171703
-0.08097797
0.20745912
-0.18913761
0.23124373
-0.48634207
0.12692171
-0.3822195
-0.20529497
-0.16657063
-0.46073905
-0.1394814
0.31960768
0.05937499
-0.56345767
0.1713414
-0.054538935
0.2607422
-0.27442554
0.09748492
-0.796445
-0.3349353
0.5690932
-0.51455903
0.28138626
-0.22620413
-0.17456701
-0.5771276
-0.47648492
-0.2448349
0.09809041
-0.0465161
0.1958999
-0.06350903
-0.37891558
-0.3179608
0.12833172
-0.17633727
0.40284
-0.027075388
0.06941712
0.09967583
0.49706826
0.0041171312
-0.4229549
-0.0835355
0.24982695
0.036450088
0.3481689
0.5950989
-0.5115471
0.4553242
-0.059196375
-0.5266266
-0.3640803
-0.14425534
-0.4804838
-0.06150599
0.12045801
-0.29956132
-0.015513971
-0.62510026
1.1756636
-0.12685427
-0.03314873
0.30483264
-0.27207753
0.08635859
0.17391822
0.49271578
0.03421521
-0.10272159
0.14314353
-0.055271346
0.08131503
-0.17970783
0.38609305
0.07803647
0.28002593
-0.038934693
0.27920008
0.22617622
-0.55646366
-0.12851398
-0.11187764
0.039218754
-0.045113496
-0.079376176
-0.4615048
0.8457006
-0.26754206
0.24074453
-0.48478305
0.09019528
-0.36889452
0.03055133
0.7170831
-0.33522862
0.097917505
-0.30352724
0.02265577
0.35559103
-0.102473654
0.01485756
-0.037085555
0.36007118
-0.78456897
-0.21548855
-0.265974
-0.10084332
-0.040218472
0.10531448
0.4001512
0.11900331
0.8940762
-0.18571496
-0.13230234
-0.023751542
0.10448608
0.3319643
-0.26755783
-0.24589518
-0.23664674
0.0917768
0.93125105
-0.3319952
0.48448157
-0.80903953
-0.59676194
-0.2602407
-0.7490519
0.21771035
0.52121127
-1.1136695
0.012200888
-0.5285568
-0.15907976
-0.5859268
0.13286084
0.04007019
-0.41092214
0.18528104
0.15986824
0.59505516
0.32727048
-0.64511764
0.3148378
-0.23488528
-0.20118313
-0.12426428
0.2968971
0.15698764
0.04701838
0.52916235
-0.22318856
0.14539078
-0.18414474
-0.30169672
-0.118983574
0.3824023
-1.1309236E-4
0.049936134
0.03760731
0.36528862
-0.16320702
0.018876031
-0.3076931
0.014957476
0.1798178
0.5120083
-0.3189703
0.5232507
-0.5906197
0.68797743
-0.20356603
0.2036145
-0.3471486
0.1592463
0.04968363
0.26771367
-0.6531448
0.7441423
-0.21109617
-0.64813197
0.093599275
-0.10923796
0.11872672
-0.6401332
0.118019745
0.22305606
0.07728638
0.32612583
-0.57392555
-0.11798049
0.3625192
-0.06528159
0.3387829
-0.21785855
0.12239739
0.35235843
0.1936551
0.77367467
0.82080585
0.20352878
-0.38663918
-0.19921362
0.44578734
0.1513294
0.35190904
0.068868026
0.31950593
-0.3647996
0.13136642
-0.07946061
-0.18355724
-0.09969509
-0.19895376
-0.23034737
0.12474596
-0.67340654
0.05797726
-0.22166586
-0.27953348
0.12549978
0.25590184
-0.21948
0.2703576
0.41092986
0.49911967
0.26918912
-0.45387566
0.04991458
0.64285624
-0.08880601
0.15238278
0.12645215
-0.5841006
-0.0028732065
-0.48185107
0.21827453
0.31313166
0.5521664
0.3374396
-0.24148518
0.6097807
0.43318218
0.5263476
-0.5583038
-0.08283582
-0.024367154
0.0028226376
0.89345384
-0.040237382
0.14610608
-0.59364504
-0.2797324
-0.196987
0.46500325
-0.11917416
-0.50417274
-0.056422
0.14068364
-0.4256342
-0.45734674
-0.4511432
0.3275934
0.24705757
0.03345584
0.27704352
0.027506195
0.095586695
0.06649291
-0.37978598
0.3398378
0.5108999
-0.6581083
0.26123357
-0.13803822
-0.22759187
-0.5768149
0.65824205
-0.14281182
-0.35445863
0.43840104
-0.759976
0.12365278
0.030793926
0.2103819
-0.08051036
-0.5248644
0.68227756
0.33563337
-0.35945213
0.26922703
-0.13078225
-0.19734076
0.38913375
-0.30895397
0.123234585
0.7851736
-0.7517921
-0.4222915
0.3266455
0.032977715
-0.46817964
0.03934767
0.23649204
-0.35033348
0.41312563
-0.4851548
-0.068897694
0.3787673
-0.48033145
-0.2670359
-0.044444427
0.18764636
0.5211499
-0.7781664
0.52875197
0.376373
-0.015354295
0.26337236
-0.73883456
-0.096491955
0.101423234
0.4648855
-0.06300695
0.55457795
0.26035342
0.6349281
0.48697013
0.65733945
-0.18024573
0.20370102
-0.196337
0.1488264
-0.47604474
-0.65372807
0.46550795
0.19982675
0.33789104
-0.1351605
-0.049830407
0.23349321
0.31234947
0.19156773
0.31938633
0.42434248
0.6273011
-0.057010815
-0.16855782
0.3265814
-0.46788248
0.119452044
0.014094844
-0.798407
-0.62026
0.8967989
-0.41563436
0.46245635
0.14171627
-0.19681896
-0.33615357
0.14070429
-0.2785021
-0.09431633
0.22886282
-0.33467308
-0.24406582
0.3404839
-0.38907802
0.44414985
-0.0011407882
-0.17134447
0.8605214
0.22433427
0.31358403
-0.20426804
-0.032532044
-0.08097727
-0.40210968
0.012820646
-0.40953803
-0.61485004
-0.22115846
0.009326093
-0.15359059
0.14261451
0.14923471
-0.16084088
0.029009141
0.47414255
-0.07188485
-0.012561314
0.043093577
-0.032855965
0.16266134
-0.0139782205
0.43900886
-0.15086283
-0.08604077
-0.017878927
0.5166074
-0.13450806
8.3871186E-5
0.80960953
-0.6182197
-0.17786995
-0.08703274
0.20833085
-0.88949805
0.22637464
-0.21870875
-0.32346314
0.18482408
-0.04249674
0.43855178
0.19765675
-0.091322176
0.22529264
-0.08805385
0.2457631
0.34516156
0.080678
0.5730936
-0.026274309
-0.0072151106
0.12349015
-0.06393449
-0.25557056
0.4371131
-0.19731456
0.13248551
0.50403893
-0.11942308
0.25920272
0.42995334
-0.26786864
0.6501308
0.08332619
0.32202563
-0.1764123
0.08126203
-0.047977105
-0.3404403
0.050530236
0.11220965
0.052711803
0.4949665
-0.45104632
-0.34367642
0.4232964
-0.27236924
-0.1679985
0.062360246
-0.40025756
-0.44060993
-0.060239032
-0.48169997
-0.09643996
-0.31606057
-0.28665495
0.16799472
0.0182039
0.68013275
0.14175157
-0.085240014
0.2198362
0.10054582
-0.21327618
0.049658984
0.13141303
0.06358625
0.020773377
-0.16387759
0.053364206
0.13922155
0.15355384
0.1496203
-0.25651243
0.28406888
-0.6420443
0.35232183
-0.3034662
0.12651333
-0.37243867
0.5256347
0.06272429
0.31617215
0.29697976
-0.13965736
-0.24058709
-0.16179582
0.57943106
0.43067008
0.08928543
-0.036858894
-0.41014296
0.570004
0.04610759
-0.39322954
-0.09041256
0.13061349
-0.15379027
0.2988908
-0.48371604
-0.0678294
-0.28849956
-0.5141404
-0.4981687
0.35561
-0.076779276
0.28778976
0.10340733
-0.0317615
0.075198986
-0.22259772
0.15682736
0.25660542
0.25199065
-0.0091673285
-0.10593281
-0.6546495
-0.10310835
-0.22830793
0.06309751
-0.92171735
0.43024856
-0.17200108
-0.3248924
-0.17335652
-0.39411914
0.084326446
-0.6617372
-0.048591983
0.15675446
0.47556207
0.28452727
0.051661216
0.29398778
-0.13165924
0.27913362
-0.007674849
0.030676385
-0.24263705
-0.21149243
-0.11027323
-0.043903857
0.0810539
-0.1052154
0.35651976
-0.5146787
-0.28529087
0.41347444
0.008355916
-0.24150637
-0.20205371
0.13144386
-0.08966732
0.3524008
0.032200098
0.24202798
0.1495042
0.75196886
0.102492504
-0.10745495
0.06672024
0.102643035
-0.45247057
0.02959624
0.10027912
-0.07251106
0.06029181
-0.40699226
0.16939232
0.01582166
-0.50192153
-0.031717047
-0.2845183
0.09245425
-0.0743917
-0.21684428
-0.020585839
0.09170289
0.15413705
0.059360195
-0.33171487
-0.24368028
0.07157907
0.01886566
0.015054977
0.23000635
0.3086116
0.009378713
-0.10442015
0.44483995
-0.03930977
-0.15855676
-0.26744497
-0.43289596
-0.4522506
0.548327
-0.32604784
-0.3717788
-0.48468417
-0.20799835
-0.46468276
-0.16472292
-0.019447334
-0.05262347
-0.12097529
0.0010255426
-0.23150083
0.70996815
0.22468546
0.079726815
0.08743548
-0.43215805
-0.22257586
-0.03396122
-0.41097784
0.25595766
0.15019962
-0.31268525
0.1786361
0.07493746
0.15346743
-0.34225345
0.24156164
-0.17824902
0.47600475
0.5976343
0.06437158
-0.51817286
-0.12918925
-0.116123796
0.004157327
0.44152176
-0.21811616
-0.5515938
-0.25252068
-0.5341588
0.2815472
0.28827173
0.14026675
-0.3822369
-0.28693306
-0.20708624
-0.36714202
0.06268577
-0.1393471
-0.24230823
-0.17588718
0.15857786
-0.13163948
-0.16632803
-0.08718858
-0.53679216
-0.06623895
0.32303533
-0.5189107
0.21495026
-0.48722035
-0.17199227
0.16952784
-0.08886226
-0.10410124
-0.5015663
-0.23451361
-0.1554707
0.6686479
-0.39816698
0.48159498
-0.42522106
-0.4190987
-0.101337865
0.04513763
0.4360146
-0.30812183
0.13645887
-0.123375185
0.64000374
-0.034354486
-0.10740127
-0.113017924
0.044882193
-0.32029688
0.14721577
-0.062291265
0.5529412
-0.69946
-0.3295559
-0.6721155
0.051031075
-0.19323209
0.22312173
0.022640206
-0.18736501
0.08446042
-0.57075965
0.6609752
-0.27257252
-0.04463063
0.2001743
0.1694426
-0.1164829
-0.08314046
-0.5077908
0.011138715
0.27359638
-0.13093792
0.11387989
-0.22570857
0.11314674
0.28216064
0.054392114
-0.83744603
-0.21339774
0.0011003744
0.10714382
-0.23434432
0.13160267
-0.37269658
-0.6046418
-0.28542185
-0.038190566
-0.19050854
-0.29248333
-0.10804066
0.032859474
0.038561165
-0.17355436
-0.047050536
-0.17813566
0.092517786
-0.082969226
0.62258136
0.1436608
0.14730556
-0.055753365
-0.008797884
0.03950979
0.2072368
0.3569735
0.7792138
-0.38834462
0.25485831
0.5855733
-0.4192868
0.019803574
-0.119802564
-0.18538865
-0.13766296
0.17602067
-0.010291629
-0.02184286
0.48674986
0.06261937
0.22493577
-0.09858944
0.19888361
-0.301292
0.33463448
-0.27915967
-0.027621493
0.19457209
0.3885744
-0.13594928
0.5210635
0.44075665
-0.07627048
-0.18873835
-0.54781216
0.2594483
0.10761361
0.013442576
-0.42278773
0.058216542
0.007251896
-0.04561001
0.028332844
0.46930027
-0.25229812
0.042919837
-0.24308166
-0.08809383
-0.098835275
-0.1505296
0.15900657
0.004629448
-0.26916426
-0.34959292
0.07209087
0.042795613
0.08452822
0.06523954
-0.42983776
0.33022687
0.4329238
0.42879978
-0.09847884
0.11863047
-0.08937246
-0.38258323
-0.095262796
-0.046136133
-0.49738675
-0.2841453
0.20348136
0.08859135
0.39471912
0.10981279
0.24349593
-0.22501515
-0.06816178
-0.0025975928
-0.41612124
0.046044484
0.33879775
-1.1411195
0.1652487
-0.2907179
0.25862053
-0.17139095
-0.465734
-0.34275657
0.19304654
0.27768624
0.03332703
-0.3762647
0.36710647
0.077844694
0.22767909
-0.2690261
0.15519355
0.043942578
0.48711273
0.3147373
0.0026822388
-0.021331295
-0.0058308765
-0.14283207
0.8283057
0.6305722
-0.16722964
0.008390732
-0.37254766
0.4984709
-0.43203822
-0.14962259
-0.041920096
0.06855666
-0.33504832
-0.28046292
0.087448955
0.14134595
0.7350297
-0.20135285
0.28393647
0.51117605
0.33878988
0.019175157
0.2529667
-0.383638
0.22675091
-0.19556916
-0.054472476
0.01542788
-0.049708724
0.27751106
-0.19111334
-0.015160665
0.22384098
-0.03965815
0.16076261
0.2930545
0.1989865
0.8985751
0.030396082
0.112561375
-0.1298267
-0.1794051
0.3148362
0.18943979
-0.20133547
0.21813065
0.21355532
-0.007778868
0.6361862
-0.27600223
0.20765685
0.20694807
-0.081314966
0.040589154
0.20413981
0.04746915
0.34160239
-0.47467402
0.787836
-0.08604003
0.040172942
0.21145812
0.10394677
0.11544447
-0.0079717515
0.36699858
-0.5136872
-0.019092634
-0.058288276
-0.007087812
0.36896372
0.04518117
0.14093713
0.69814414
0.27099222
0.1849951
-0.5884852
-0.14819056
0.11030136
-0.12589881
0.08807404
0.5546404
0.06436442
-0.009994305
-0.32426465
0.16190064
-0.6588339
-0.026484163
-0.14258333
0.24423806
0.03940244
0.09510343
0.18545555
0.6578732
-0.71684605
-0.13494803
0.026364626
-0.022072762
0.13942808
-0.2873006
-0.10022265
-0.04916417
0.28584468
0.0803697
-0.24808443
-0.11385676
0.71560955
0.3195122
-0.7142661
-0.63118255
-0.051454052
0.21202353
0.052682742
-0.2275542
-0.9649485
0.3622542
0.22848012
0.5419408
-0.21366878
-0.07233765
0.29785115
-0.122084714
1.0026833
0.15581661
-0.32753593
0.4392982
-1.1053399
-0.41049036
0.44109908
-0.062330417
-0.49369654
0.05617917
-0.2483696
-0.56970423
0.045874767
-0.22296262
0.114498086
0.37956297
-0.10264736
-0.02155532
-0.05487597
0.13570318
-0.061154187
0.7451918
0.33989888
-0.0987606
0.054139584
-0.45054412
-0.33331838
-0.064048484
-0.17046551
0.22893575
0.025855083
-0.6238731
0.22521335
-0.09012247
0.312835
-0.4427624
0.20540535
-1.1489662
0.044258066
0.5741614
-0.09247332
0.61963534
-0.9107492
-0.09523217
-0.0015207753
-0.06445074
-0.30303538
-0.18573554
-0.23495348
-0.74657923
0.8743572
-0.3477961
0.20214893
0.5469922
-0.51874924
0.14637125
0.16515097
0.23748954
-0.4019291
-0.27330118
-0.7266128
0.07781069
0.086520195
-0.27890083
0.2803057
0.6768524
0.14465898
-0.0050917007
-0.054167982
-0.20617041
-0.2870366
-0.29261133
-0.06739871
0.3608921
-0.75874966
0.7233163
0.2700986
0.14106892
-0.51500416
0.18890633
0.11912359
0.27817547
-0.12200649
0.11735096
0.34886053
-0.4354583
0.40226933
-0.091387
-0.07548802
0.11485574
0.24115363
0.005677946
0.26855716
-0.07388068
0.27140564
-0.12104197
-0.11648752
0.21057257
0.37252003
0.038075455
-0.2728705
0.19643468
-0.51716566
0.15212886
-0.16384423
0.06666199
-0.31475335
-0.31978697
0.44840455
0.15520763
-0.4511919
1.0671794
-0.2886004
-0.25211298
0.067461684
0.4404808
-0.023552187
0.29684845
-0.43617627
0.10332362
-0.17824964
-0.7552087
-0.056240574
-0.43014905
0.5613399
0.22639927
-0.11483274
-0.34887892
0.35560265
0.31262043
0.0784281
0.23878548
-1.011333
-0.44029558
0.42557356
-0.3128981
-0.0033158213
0.464886
0.53646636
-0.41466698
0.233969
0.045637272
0.34064773
0.02890126
-0.40932968
-0.26333663
-1.0868254
0.19642414
0.73061424
0.09490642
-1.1257985
0.0073556304
0.21127212
-0.30034447
0.06946182
0.38414472
0.09400525
0.30702552
0.72245425
-0.40719464
0.2093242
0.13197331
-0.42006728
0.05818423
0.36632317
0.07175866
-0.038263433
0.47105667
0.29916874
0.38207537
-0.012604266
-0.24099714
0.380304
-0.35892156
-0.0563754
-0.026362613
0.38358092
-0.38278195
0.3227046
-0.3060056
0.3135973
0.016888604
0.41692838
0.3550652
0.1296364
-0.29633713
0.07266469
0.079542
-1.0233424
-0.622303
-0.051494196
0.17814267
0.0065574944
0.17328896
0.08518453
-0.41674536
-0.045812
-0.25636557
0.14594977
-0.50814545
-0.5813931
-0.16777682
-0.4072511
-0.48608184
0.22575924
-0.43036845
0.19738853
0.24539977
-0.33436424
-0.5522003
-0.11808568
-0.6028908
0.21595585
-0.08463762
-0.28548902
-0.9612362
-0.24008963
0.043506313
-0.41709325
0.0113277435
0.6126811
-0.18355243
-0.09849013
-0.08592951
0.23544858
0.1396327
0.035147823
0.7468687
-0.106889054
-0.15434891
0.5824215
0.09154059
-0.41859657
0.4439426
-0.6434997
-0.26639953
-0.24105461
0.31978205
-0.4064733
-0.31113046
-0.8097702
-0.24048463
-0.3561757
0.24384533
0.286075
0.88379306
0.262137
0.04812672
-0.30211282
-0.040759947
0.13850693
0.23487969
0.38334042
0.5035298
-0.19898748
-0.15422806
-0.7104487
0.30963123
0.15701547
-0.0546956
0.004968878
0.118040435
-0.18415034
-0.026224475
-0.09689961
-0.12410188
-0.29224122
0.23185137
0.5971367
-0.40835622
0.029667705
0.11299793
-0.06929306
-0.7727985
0.35091394
0.17754307
-0.84812856
-0.64488363
-0.012320876
0.19594973
-0.7055565
0.03909947
0.7847172
-0.24756292
-0.42226642
-0.649626
-0.16889542
0.23513234
0.6614893
-0.08014199
0.47206262
0.36301303
0.4934134
-0.18589947
0.3488324
-0.07789702
0.2199944
-0.30298603
-0.98677516
-0.08761682
-0.30430827
0.10003296
0.011539459
0.555392
0.48277247
-0.2247135
0.031127483
-0.18532775
0.14694864
-0.7249123
0.30970663
0.22492391
-0.43573907
-0.05695103
0.89369965
0.23851645
-0.0073959827
0.52795047
-0.08301392
0.38250235
0.0043791085
0.5340865
0.620226
-0.5272913
-0.18191956
-0.2325974
0.19818623
-0.17491047
-0.56672066
0.5364604
0.0615011
-0.012610182
0.29726923
-0.37110877
0.52606505
0.25534305
0.5075364
0.22121583
-0.13199762
0.15389228
0.2126873
0.053903647
0.32406837
-0.7885497
0.5995515
0.048044965
0.17020753
0.9327142
-0.08517036
-0.4420772
0.27224982
-0.0015987307
-0.06076683
-0.043387946
-0.074261084
-0.50174373
0.3459116
0.78959477
-0.26226258
-0.20174104
-0.24554212
0.10614214
0.022651508
0.010862734
0.588406
0.47800958
-0.77564055
-0.14328937
-0.18533236
0.1743301
-0.66860116
0.40561795
-0.3568136
-0.59242404
0.16908829
0.10826851
0.017092139
-0.18157329
0.19299401
-0.3953467
0.23483051
0.1579931
-0.14148517
0.09505755
-0.17751499
-0.6033621
0.10311705
-0.014943395
-0.3175888
0.0724484
-0.9010256
-0.05212519
0.2258591
-0.2046367
-0.81862396
0.11539284
-0.19856378
0.39399505
-0.1962551
-0.21148376
0.37208888
-0.33693978
-0.29572764
-0.27441314
-0.60404944
-0.0853107
0.4234213
0.69607455
0.9719789
-0.5151208
0.14963688
0.22482081
-0.0017938465
-0.022642843
0.0126157105
-0.2668507
-0.36061585
0.27561423
0.31709248
0.03115639
0.29949388
0.18202372
0.009286381
-0.53923136
0.64903295
-0.15591276
0.5036683
0.07425304
-0.15176472
-0.25598815
-0.36318475
0.28718507
-0.11598067
0.08054696
0.10610177
-0.1391742
-0.3096343
0.2391841
0.86299896
0.24594054
-0.4642811
-0.17477363
-0.12640782
0.33159393
-0.5362705
-0.053655673
0.038512226
-0.7733984
0.3974675
-0.23180786
-0.5128462
-0.21965021
0.06876295
0.23444243
-0.19238158
0.005705692
0.0014102831
0.25222874
0.28970906
0.69240546
-0.19648317
-0.07088496
0.17940146
-0.45894718
0.11059089
0.05431928
-0.36319423
0.15519223
-0.74481946
0.19294855
0.81720567
0.08527145
0.028846245
-0.10376744
-0.23711306
0.28507072
-0.598539
-0.086924896
-0.008698136
0.6663056
0.0287067
-0.3589201
0.66613615
0.41150326
-1.230689
-0.11413445
-0.7279966
0.0600086
-0.15342042
0.9735813
0.33007956
-0.22481585
1.1357744
-0.10796883
0.5542798
-0.24644461
-0.33148092
-0.18829489
0.776582
-0.58983815
1.0535419
-0.089952484
0.2067407
1.0222563
-0.5902681
-0.26758412
-0.5886961
0.2130947
0.6507271
-0.30044988
-1.0928433
-0.015859246
1.044389
0.8676728
0.46914792
-0.4420643
0.14705776
-0.60137534
-0.690474
0.085223876
-0.4781651
-0.13160042
0.35302472
0.5508958
0.41164255
0.9026174
0.03393615
-0.546892
0.021419344
-0.030790128
-1.0431066
1.2820987
0.7411589
0.3645755
1.1196432
0.20758277
0.67146665
0.5404256
-0.24558154
-0.23651627
0.3676925
-0.6731076
-1.258659
-0.42788917
0.40165344
-0.63154024
-1.1353228
0.06442261
-0.2573023
-0.25202605
-1.0574725
1.0072074
0.16750182
-0.33060655
-0.72710747
0.28089935
-0.83020425
-0.42980552
0.3434527
1.393867
0.86586887
-0.059273556
-0.4655173
-0.016865773
-0.2064823
-0.578845
0.26848057
-0.43568182
0.19901781
-0.8324889
0.124385476
0.24857472
-0.022565493
0.68736875
-1.3407056
-0.038132973
-0.05884738
-0.0040861885
-0.005277775
0.14012825
-0.17905316
0.44926372
0.33083332
-0.47792777
-0.50174993
-0.27368644
-0.47858363
0.48897907
-0.7477382
-0.43383002
0.15675384
-0.6251062
-0.38173354
-1.007194
0.6404714
-0.33752102
0.34344116
-0.036889
-0.27521712
-0.44903857
0.16446793
0.16156077
0.5743069
-0.32911205
-0.12212236
-0.77188474
-0.39029253
0.48027146
0.8982813
0.020619698
-0.24261262
0.5221034
0.4906425
0.6446167
-0.41453877
-0.00698705
0.5820951
-0.111178726
-0.5134098
0.77636224
-0.600519
0.58107656
0.21470639
0.3723734
-0.022856697
0.49184066
-0.36268747
-0.6369417
-0.61209947
-0.46410757
-0.9465475
0.7341497
0.5557633
-0.026873246
0.86122906
-0.26278606
-0.5921789
1.2271023
-0.5742559
-0.81287897
0.35292178
0.08936765
-0.07099638
-0.09434101
0.033891227
0.21855304
-0.3253362
0.50894415
-0.3184592
0.057296887
-0.49091235
0.8541238
0.26749045
0.06924645
0.8405803
0.56132364
0.35984778
0.04141491
0.5069042
1.2565367
-0.0039888993
-0.039575074
0.15863205
0.6641465
-0.44039917
0.11291246
-0.23997739
1.2099862
0.18386665
-0.015402786
-0.16870376
0.1895863
0.58100575
0.39069402
-0.5162063
0.36832023
-0.0032310411
0.89955246
0.57514703
1.0313321
0.082149
0.5476129
1.4413228
-0.49897385
0.4114243
-0.09562346
0.73807585
0.2019136
0.32701364
0.30406708
0.12078284
1.0148654
-0.4003656
0.109846495
0.030781731
1.2266127
0.3601026
-0.24632426
-0.20119695
0.23162295
-0.3633902
-0.17466378
0.037536576
0.4905037
-1.0466704
-0.76164055
0.84578866
0.96625596
-0.7182638
-0.15643014
-0.033692013
-0.5176405
0.25840932
-0.09933099
0.07966938
0.7773876
0.10199389
-0.22560759
-0.636447
0.66906184
-0.34839687
-0.40615034
-0.9961596
-0.094213046
0.041508008
-0.3114671
0.6632275
-0.81276673
0.466516
0.524691
-0.28273067
-0.9062016
0.67967623
0.672769
0.25964722
0.8108406
0.07178639
0.38877976
0.43540362
-0.26040554
0.18432267
0.34097314
-0.16349217
0.69697857
0.799672
-1.0051547
0.33060038
0.74110115
-0.67778546
0.64904636
0.19704315
-1.1168253
0.30902433
0.21037145
-0.3529979
-0.20968999
-0.31085932
-0.3439362
0.3361842
0.37144282
-0.45904288
0.46524757
-0.50047326
0.19662128
0.105207935
0.21197861
0.11211497
0.18609758
0.6832048
0.18586424
-0.73950905
0.74365485
0.45051634
-0.5805625
0.35934797
-0.6271625
0.1049727
0.3082676
-0.25604868
0.2947407
-1.0040576
0.4936216
0.29516017
-0.48626694
-0.71716064
0.3730224
0.16409433
0.24373311
0.5411901
0.505666
0.28781408
0.15055639
0.61251605
-0.3099361
-0.15698603
-0.21405655
0.46122688
0.8426273
0.3582413
0.6890463
-0.7830146
-0.7549847
-0.15394887
-0.49481827
-0.810196
0.72795707
-0.70538384
0.92547834
0.32016543
0.50355804
0.043245643
0.02638044
0.109842956
0.15824133
-0.28481784
-0.5689378
-0.2722984
-0.24518466
-0.44749105
0.43240184
-0.075180806
-0.20270751
0.5196103
0.10208759
-0.10351804
1.4020681
-0.25044912
1.2193723
-0.47014672
0.48831487
0.3668517
0.049299404
-0.01930537
-0.080375016
0.061119836
-0.25451058
0.16517821
0.017386064
0.9010126
-0.30743933
0.09982
0.64845914
-0.6178821
0.3901997
-0.781482
0.010202013
0.52631557
1.019257
-0.1651942
0.21554409
-0.03910157
-1.155191
0.09097546
0.5908068
0.471372
-0.03058
-1.130418
0.16728546
0.28844818
0.33310142
-0.505686
0.9429996
0.39151812
-0.017040715
-0.69919336
0.20496497
0.25462374
0.44864637
0.7875214
0.5076727
0.7728107
0.7864213
0.48416674
-0.21673092
-0.6290848
0.0047697164
-0.39323053
-1.0161889
-1.0391165
0.46942043
0.31482643
0.111503884
0.27893093
-0.22169307
-0.7520772
0.27541348
-0.9806914
-0.026714794
1.2702534
-0.07733455
0.086034924
0.17092246
-0.89769197
0.03214629
0.5893792
0.5173624
-0.2227164
0.26607263
0.6105473
0.19212069
0.6925542
-0.76921356
-0.4564397
0.45518845
0.43596128
0.2248253
-0.04658664
0.74288005
-0.22073767
0.14417537
-0.86481947
0.24720293
0.12969431
0.052078836
-1.0468982
-0.6103133
0.06502273
-0.72944087
-0.19363728
-0.66106266
-0.8446872
-0.7220077
-0.29705337
0.098061875
0.3313443
-0.3613424
-1.2473919
-0.36921257
0.900512
-0.14260313
-0.16617185
-0.7266027
-0.45195827
0.30633837
-0.14664239
-0.7098517
1.2277058
0.5983512
-0.4829064
0.15739812
-0.4589127
-0.43150625
0.044698402
0.7205968
-0.03884761
0.7153875
0.17412587
0.39584398
-0.3390098
-0.7027208
-0.88615406
0.13218993
-0.25770417
-0.33337888
-0.28037825
0.3104543
-1.0311509
-0.61271125
-0.21607497
0.31920427
0.08663115
-0.58562195
-0.11867155
0.10883821
-0.50040823
-0.18249214
-0.9573415
0.19789082
-0.45066452
-0.55075765
-0.11611232
0.017715566
-0.16674301
0.45469475
-0.68279165
-1.3574826
-0.76894236
0.5094336
-0.22680664
0.12133413
-0.94657964
0.21317482
-0.8338781
-1.4621745
-0.24286497
0.34886417
0.27936482
-0.47897053
-0.31339535
0.8814415
0.109518155
0.26290193
-0.52771026
0.5588799
0.11195348
-0.15504289
0.42405957
0.23166822
-0.1618699
-0.8957144
0.3771554
0.6633309
0.12475841
0.52383536
0.38666558
0.9800747
0.23574436
-0.23391077
0.23998263
-0.20067653
0.37775284
-0.3579973
-0.30386686
-0.92736745
-0.16247517
0.21687838
0.14324087
-0.48628253
0.39261124
-0.07253222
-0.24116813
-0.8828473
-0.57902473
-0.27820998
0.45361614
-0.3034287
0.2774021
1.237004
0.261899
0.26299927
-0.54162204
0.81499285
0.8316862
-0.3687464
-0.47298738
-0.40197355
0.13668966
0.14051558
-0.17361033
-0.16099209
0.55577016
0.62113214
0.3097543
-0.4118596
0.29251236
-0.29373658
0.6756202
0.25698006
0.5300796
-0.15973213
-0.11963923
0.34018296
-0.20186533
-0.34165975
0.4505586
-0.28496838
0.028075777
-0.7623153
0.5238139
0.7370301
0.084809706
-0.22543126
-0.20451245
0.15830567
-0.4382671
-0.74666464
-0.8119561
-0.14999707
-0.04952058
-0.10735516
0.39634424
0.96893144
-0.18048348
-0.77515733
0.15275636
-0.31973326
-0.29115263
-0.10408671
-0.21858886
0.17409831
-0.111263484
-0.4068075
0.38715547
-0.3374744
-0.20322524
-0.056378663
-0.1427309
-0.3838976
-0.5262151
0.09656421
0.8061035
0.7775189
0.0028205113
0.33997408
-0.09287281
0.037934065
0.5282705
0.6052801
-0.12944308
0.44287863
0.163989
-0.15065546
0.28124905
0.2199532
0.6781344
0.061449543
-0.39667374
-0.25070572
-0.07075457
0.5785002
0.40467212
0.7264296
-0.009144343
-0.34526542
-0.29524383
0.086643
-0.5118992
-0.3812871
-0.04269884
0.28477758
0.25905865
-0.5109245
-0.50057214
0.37219447
0.5102666
1.0771582
-0.77576303
-0.050505117
-0.38345623
0.30949914
-0.6346152
-0.42735526
-0.008852648
-0.44642544
-0.46358594
0.6018757
0.4447917
-0.004733568
-0.011800125
0.3928593
-0.09792872
-0.5696926
-0.992452
0.58523816
0.1893427
1.1201499
0.31976247
-0.2552769
-0.11618246
-0.33671895
-0.94602793
-0.04217875
0.5383619
-0.28245613
-0.27910954
0.11622435
-0.8804592
-0.23834814
-0.09605915
-0.3607086
0.06409724
0.22247534
0.17670768
0.24068178
-0.5298942
-0.017066792
-0.08250077
1.0306768
0.56730115
0.3610114
0.21305943
0.3711272
0.27233028
0.29975373
0.13487342
0.39083815
-0.2829864
-0.2523648
0.56189924
-0.19308077
-0.095245235
0.46031824
-0.3504171
0.41731673
-0.55806434
0.9521804
0.026485644
0.0493922
0.17911008
-0.32690495
-0.22312415
-0.5325876
-0.4376741
-0.6640513
-0.13107741
0.1970961
0.49361625
-0.5435843
-0.6690971
0.51569897
0.6836719
0.31650984
0.22957684
0.6510876
0.020294666
0.7179967
-0.49631724
0.82026446
0.28015262
0.79167765
-0.14526449
-0.6827367
-0.030822389
0.96027875
-0.05658187
-0.008422442
0.82342744
-0.2423175
-0.9350829
-0.11486231
-0.7782517
-0.03566648
-0.9484464
-0.01336024
-0.13362159
-0.49835697
0.3133792
0.48209718
0.13107842
0.18671401
0.22067916
-0.28197086
0.8208194
0.52698153
-0.04931617
0.20095065
0.2023842
0.12056555
-0.0038852543
-0.34412348
-0.17775589
0.013098751
0.75333124
-0.17727336
0.015561394
-0.018658165
0.26955715
0.3518937
0.46396208
1.4923949
-0.21749467
0.46964222
-0.25516874
-0.21300316
-1.2570174
-0.23865335
-0.08839672
-0.73730123
-0.623927
-0.17579454
0.32122546
-0.8945574
-0.12136516
-0.43198425
0.25790843
0.3453572
0.0030902848
-0.024243312
-0.52224284
0.39821038
0.15768567
-0.64465624
0.117775016
-0.26886052
0.1833796
-0.38426173
-0.29207915
-0.4958721
-0.54936373
0.080326974
-0.20754175
0.10095387
-0.46121615
-0.30134112
-0.42727298
-0.22424355
0.16320214
0.18289311
0.26300502
0.42651665
-0.94337934
-0.025619023
0.36881807
0.33143848
-0.63239205
0.25457153
0.31686425
-0.6510761
-0.43801177
-0.59580725
-0.42780575
0.37648234
0.033044547
-0.3893179
0.46411288
0.18393157
-0.4912031
-0.12764019
0.56290805
0.2141426
0.23682123
-0.9627477
-0.20901212
0.20740922
-0.05088894
-0.027020589
-1.2121584
0.11617948
-0.058481626
-0.6390191
-0.7653821
-0.60802394
-0.43149805
-0.2900852
0.13630253
0.26871264
0.12925312
-0.57656074
-0.1751161
0.16920239
-0.2531042
0.2803616
-1.0092427
0.31675944
-0.31148675
0.33899802
-0.20732465
0.038565367
0.5771553
0.14657432
-0.16739422
-0.4179703
0.60064214
-0.17656413
-0.11189122
-0.24565077
0.65130603
0.6271581
0.2756608
-0.5852344
0.5118201
-0.24833764
1.1440245
-0.478935
0.4814464
-0.48144308
0.45880747
0.38089144
-0.5779044
-0.825298
-0.13924107
-0.42249456
-0.16080648
-0.55152416
-0.19662966
-0.9447112
0.12116401
0.31859362
-0.0066387653
0.23758073
-2.2630859E-4
-0.5853675
-0.7129772
-0.097269975
0.5672779
-0.10547431
0.7668877
0.10043952
0.16825032
0.20549361
-0.12927637
-0.16252267
-0.56527233
-0.35138544
-0.6406197
0.76859766
-0.27386415
-0.11323847
0.14746498
-0.53589207
0.21285707
0.005677888
0.12790364
-0.6593351
0.39545566
0.29129708
-0.45728743
0.34910592
0.09607366
0.5540116
0.48916733
-0.09395446
0.027207173
0.019851968
-0.19364108
0.118049964
-0.023488816
-0.47631505
-0.20796739
0.6249944
-0.6175674
-0.31055427
-0.44340658
0.3363205
-1.1360105
0.028215248
0.65777236
0.032107685
0.7125738
0.39140403
1.1044694
0.72566795
-0.13751791
-0.47335538
0.935112
-0.5946623
0.91363937
0.21869855
0.70715123
-0.1654699
-0.5711808
-0.6832292
0.04196925
-0.5735921
0.3012418
0.45525706
-0.053249806
0.06472414
0.7809169
0.32313174
0.67032015
0.30527985
0.5829792
0.0890888
0.296813
0.7263234
0.045001365
0.20429406
-0.5861666
-0.017708223
-0.18209298
-0.010089606
0.15274337
-0.3896673
0.00995101
-0.04196781
0.12476292
-0.76145387
-0.14107893
0.006709274
-0.5285067
-0.51906264
-0.6117456
-0.27191046
-0.57601494
0.38480616
0.539619
-1.0034133
-0.67212486
0.6275472
-0.004745517
-0.112585634
0.10409902
1.6151268
0.27466527
-0.34158424
0.9059382
-0.50000036
-0.09944843
-0.088981934
0.67844826
0.61236215
0.25349036
0.25989655
0.41272178
0.16241015
0.39388934
0.17025408
0.64556885
0.12380255
0.16376004
-0.3876569
-0.5689976
-0.6397417
0.47379822
0.49363762
0.041716468
0.104689136
0.20559677
-0.47146887
-0.5788574
0.5986044
-0.3716995
-0.27508253
0.40708506
-0.10815894